Time,M0,M14
0.000000,0,0
0.050000,0,0
0.100000,0,0
0.150000,0,0
0.200000,0,0
0.250000,0,0
0.300000,0,0
0.350000,0,0
0.400000,0,0
0.450000,0,0
0.500000,0,0
0.550000,0,0
0.600000,0,0
0.650000,0,0
0.700000,0,0
0.750000,0,0
0.800000,0,0
0.850000,0,0
0.900000,0,0
0.950000,0,0
1.000000,0,0
1.050000,0,0
1.100000,0,0
1.150000,0,4194
1.200000,0,8389
1.250000,0,12582
1.300000,1,16778
1.350000,2,20972
1.400000,3,25165
1.450000,5,29361
1.500000,7,33553
1.550000,10,41944
1.600000,14,50332
1.650000,18,58719
1.700000,24,67110
1.750000,31,75497
1.800000,39,83886
1.850000,48,92275
1.900000,59,100664
1.950000,72,109051
2.000000,87,117441
2.050000,103,125829
2.100000,121,134217
2.150000,142,142607
2.200000,165,150995
2.250000,190,159383
2.300000,218,167773
2.350000,249,176160
2.400000,282,184550
2.450000,318,192938
2.500000,358,201326
2.550000,401,209715
2.600000,446,218105
2.650000,496,226491
2.700000,549,234882
2.750000,606,243269
2.800000,666,251659
2.850000,731,260046
2.900000,799,268436
2.950000,872,276824
3.000000,949,285213
3.050000,1031,293601
3.100000,1117,301989
3.150000,1208,310380
3.200000,1304,318766
3.250000,1405,327156
3.300000,1511,335544
3.350000,1622,343934
3.400000,1739,352321
3.450000,1861,360710
3.500000,1989,369098
3.550000,2122,377488
3.600000,2262,385876
3.650000,2407,394265
3.700000,2558,402653
3.750000,2716,411042
3.800000,2881,419430
3.850000,3051,427819
3.900000,3229,436207
3.950000,3413,444597
4.000000,3604,452985
4.050000,3802,461373
4.100000,4007,469763
4.150000,4220,478150
4.200000,4440,486539
4.250000,4668,494928
4.300000,4903,503317
4.350000,5146,511704
4.400000,5397,520094
4.450000,5656,528483
4.500000,5923,536871
4.550000,6199,545259
4.600000,6483,553648
4.650000,6776,562037
4.700000,7077,570425
4.750000,7387,578814
4.800000,7706,587203
4.850000,8034,595591
4.900000,8372,603979
4.950000,8718,612369
5.000000,9075,620757
5.050000,9441,629146
5.100000,9816,637534
5.150000,10201,645922
5.200000,10597,654313
5.250000,11002,662699
5.300000,11418,671089
5.350000,11844,679477
5.400000,12281,687866
5.450000,12728,696254
5.500000,13186,704644
5.550000,13655,713031
5.600000,14135,721420
5.650000,14626,729810
5.700000,15128,738196
5.750000,15642,746587
5.800000,16167,754975
5.850000,16704,763363
5.900000,17252,771752
5.950000,17813,780140
6.000000,18385,788530
6.050000,18970,796917
6.100000,19567,805307
6.150000,20177,813694
6.200000,20798,822085
6.250000,21433,830471
6.300000,22081,838862
6.350000,22741,847248
6.400000,23414,855639
6.450000,24101,864026
6.500000,24801,872416
6.550000,25514,880803
6.600000,26241,889193
6.650000,26982,897581
6.700000,27736,905970
6.750000,28504,914357
6.800000,29287,922748
6.850000,30084,931135
6.900000,30895,939525
6.950000,31720,947912
7.000000,32560,956301
7.050000,33415,964690
7.100000,34285,973079
7.150000,35169,981467
7.200000,36069,989856
7.250000,36984,998244
7.300000,37914,1006633
7.350000,38860,1015021
7.400000,39821,1023411
7.450000,40798,1031798
7.500000,41791,1040188
7.550000,42801,1048576
7.600000,43826,1056965
7.650000,44867,1065353
7.700000,45925,1073741
7.750000,46999,1082131
7.800000,48090,1090519
7.850000,49198,1098908
7.900000,50322,1107296
7.950000,51464,1115685
8.000000,52623,1124073
8.050000,53799,1132462
8.100000,54992,1140851
8.150000,56203,1149240
8.200000,57432,1157627
8.250000,58679,1166017
8.300000,59943,1174405
8.350000,61225,1182793
8.400000,62526,1191183
8.450000,63845,1199571
8.500000,65182,1207960
8.550000,66538,1216347
8.600000,67913,1224738
8.650000,69306,1233124
8.700000,70718,1241515
8.750000,72150,1249902
8.800000,73601,1258292
8.850000,75070,1266679
8.900000,76560,1275069
8.950000,78069,1283457
9.000000,79598,1291845
9.050000,81146,1300235
9.100000,82715,1308622
9.150000,84303,1317012
9.200000,85912,1325401
9.250000,87541,1333787
9.300000,89191,1342178
9.350000,90861,1350566
9.400000,92552,1358954
9.450000,94264,1367344
9.500000,95997,1375731
9.550000,97751,1384120
9.600000,99526,1392510
9.650000,101323,1400897
9.700000,103141,1409286
9.750000,104981,1417674
9.800000,106842,1426065
9.850000,108726,1434451
9.900000,110631,1442841
9.950000,112558,1451229
10.000000,114508,1459617
10.050000,116481,1468008
10.100000,118475,1476394
10.150000,120493,1484784
10.200000,122533,1493172
10.250000,124596,1501561
10.300000,126682,1509949
10.350000,128791,1518338
10.400000,130924,1526727
10.450000,133080,1535115
10.500000,135260,1543504
10.550000,137463,1551893
10.600000,139690,1560281
10.650000,141941,1568669
10.700000,144216,1577059
10.750000,146515,1577668
10.800000,148838,1578278
10.850000,151186,1578887
10.900000,153557,1579499
10.950000,155953,1580107
11.000000,158372,1580718
11.050000,160816,1581326
11.100000,163284,1581938
11.150000,165776,1574769
11.200000,168292,1567598
11.250000,170832,1560431
11.300000,173395,1553262
11.350000,175982,1546092
11.400000,178592,1538924
11.450000,181226,1531754
11.500000,183883,1524587
11.550000,186564,1517416
11.600000,189267,1510249
11.650000,191993,1503079
11.700000,194742,1495910
11.750000,197514,1488742
11.800000,200308,1481573
11.850000,203125,1474403
11.900000,205964,1467235
11.950000,208826,1460065
12.000000,211710,1452898
12.050000,214615,1445728
12.100000,217543,1438559
12.150000,220493,1431390
12.200000,223464,1424221
12.250000,226457,1417053
12.300000,229471,1409884
12.350000,232507,1402714
12.400000,235564,1395545
12.450000,238643,1388378
12.500000,241742,1381208
12.550000,244862,1374038
12.600000,248003,1366871
12.650000,251165,1359701
12.700000,254348,1352533
12.750000,257551,1345363
12.800000,260775,1338195
12.850000,264019,1331025
12.900000,267283,1323857
12.950000,270567,1316688
13.000000,273871,1309518
13.050000,277195,1302351
13.100000,280539,1295181
13.150000,283902,1288012
13.200000,287285,1280844
13.250000,290687,1273674
13.300000,294109,1266506
13.350000,297550,1259336
13.400000,301010,1252168
13.450000,304489,1244999
13.500000,307987,1237830
13.550000,311504,1230661
13.600000,315039,1223492
13.650000,318593,1216323
13.700000,322165,1209155
13.750000,325756,1201985
13.800000,329365,1194817
13.850000,332992,1187648
13.900000,336637,1180478
13.950000,340300,1173310
14.000000,343981,1166141
14.050000,347679,1158972
14.100000,351395,1151804
14.150000,355129,1144633
14.200000,358880,1137466
14.250000,362648,1130296
14.300000,366433,1123128
14.350000,370236,1115959
14.400000,374055,1108790
14.450000,377891,1101620
14.500000,381743,1094452
14.550000,385613,1087284
14.600000,389498,1080114
14.650000,393401,1072945
14.700000,397319,1065776
14.750000,401254,1058608
14.800000,405204,1051438
14.850000,409171,1044270
14.900000,413153,1037101
14.950000,417151,1029932
15.000000,421165,1022762
15.050000,425194,1015595
15.100000,429239,1008425
15.150000,433299,1001256
15.200000,437374,994088
15.250000,441464,986918
15.300000,445569,979750
15.350000,449689,972580
15.400000,453823,965413
15.450000,457972,958242
15.500000,462136,951074
15.550000,466314,943905
15.600000,470507,936737
15.650000,474713,929566
15.700000,478934,922399
15.750000,483169,915230
15.800000,487417,908060
15.850000,491679,900892
15.900000,495955,893722
15.950000,500245,886555
16.000000,504548,879384
16.050000,508864,872217
16.100000,513193,865047
16.150000,517536,857878
16.200000,521891,850709
16.250000,526259,843541
16.300000,530640,836372
16.350000,535034,829202
16.400000,539440,822034
16.450000,543859,814865
16.500000,548290,807696
16.550000,552733,800527
16.600000,557188,793359
16.650000,561656,786188
16.700000,566135,779021
16.750000,570626,771852
16.800000,575129,764682
16.850000,579643,757514
16.900000,584169,750345
16.950000,588706,743175
17.000000,593254,736008
17.050000,597813,728838
17.100000,602384,721668
17.150000,606965,714502
17.200000,611557,707330
17.250000,616160,700163
17.300000,620773,692994
17.350000,625397,685824
17.400000,630031,678657
17.450000,634675,671486
17.500000,639330,664318
17.550000,643994,657149
17.600000,648669,649981
17.650000,653353,642810
17.700000,658047,635643
17.750000,662751,628474
17.800000,667464,621304
17.850000,672186,614136
17.900000,676918,606967
17.950000,681659,599798
18.000000,686409,592629
18.050000,691167,585460
18.100000,695935,578291
18.150000,700711,571122
18.200000,705496,563954
18.250000,710290,556784
18.300000,715092,549616
18.350000,719902,542447
18.400000,724720,535278
18.450000,729546,528108
18.500000,734381,520941
18.550000,739223,513770
18.600000,744073,506603
18.650000,748930,499434
18.700000,753795,492263
18.750000,758667,485096
18.800000,763547,477927
18.850000,768434,470758
18.900000,773328,463588
18.950000,778229,456420
19.000000,783137,449252
19.050000,788051,442081
19.100000,792972,434914
19.150000,797900,427744
19.200000,802834,420575
19.250000,807774,413407
19.300000,812721,406238
19.350000,817674,399068
19.400000,822632,391901
19.450000,827597,384730
19.500000,832567,377562
19.550000,837543,370393
19.600000,842525,363224
19.650000,847512,356056
19.700000,852504,348886
19.750000,857501,341717
19.800000,862504,334549
19.850000,867511,327380
19.900000,872524,320211
19.950000,877541,313042
20.000000,882563,305873
20.050000,887589,298704
20.100000,892620,291536
20.150000,897656,284365
20.200000,902695,277198
20.250000,907739,270029
20.300000,912786,262860
20.350000,917838,255690
20.400000,922893,248521
20.450000,927952,241354
20.500000,933014,234184
20.550000,938080,227015
20.600000,943150,219847
20.650000,948222,212676
20.700000,953298,205509
20.750000,958377,198340
20.800000,963459,191170
20.850000,968543,184002
20.900000,973630,176833
20.950000,978720,169664
21.000000,983812,162495
21.050000,988907,155326
21.100000,994004,148157
21.150000,999103,136794
21.200000,1004204,125431
21.250000,1009306,114068
21.300000,1014411,102704
21.350000,1019516,91342
21.400000,1024623,79977
21.450000,1029731,68616
21.500000,1034840,57251
21.550000,1039949,41694
21.600000,1045059,26136
21.650000,1050169,10580
21.700000,1055279,-4979
21.750000,1060388,-20535
21.800000,1065497,-36094
21.850000,1070605,-51651
21.900000,1075713,-67209
21.950000,1080818,-79753
22.000000,1085923,-92300
22.050000,1091026,-104846
22.100000,1096127,-117390
22.150000,1101226,-129936
22.200000,1106323,-142482
22.250000,1111418,-155027
22.300000,1116510,-167574
22.350000,1121599,-175986
22.400000,1126686,-184400
22.450000,1131770,-192813
22.500000,1136850,-201228
22.550000,1141928,-209640
22.600000,1147002,-218054
22.650000,1152072,-226468
22.700000,1157139,-234880
22.750000,1162203,-243271
22.800000,1167262,-251657
22.850000,1172318,-260048
22.900000,1177369,-268435
22.950000,1182416,-276824
23.000000,1187459,-285212
23.050000,1192497,-293602
23.100000,1197531,-301990
23.150000,1202560,-310378
23.200000,1207584,-318768
23.250000,1212603,-327155
23.300000,1217617,-335544
23.350000,1222626,-343934
23.400000,1227629,-352320
23.450000,1232627,-360711
23.500000,1237620,-369099
23.550000,1242606,-377487
23.600000,1247587,-385876
23.650000,1252561,-394265
23.700000,1257530,-402653
23.750000,1262492,-411041
23.800000,1267448,-419431
23.850000,1272397,-427819
23.900000,1277340,-436208
23.950000,1282275,-444596
24.000000,1287204,-452985
24.050000,1292126,-461373
24.100000,1297041,-469762
24.150000,1301948,-478151
24.200000,1306848,-486539
24.250000,1311741,-494928
24.300000,1316625,-503317
24.350000,1321502,-511704
24.400000,1326371,-520095
24.450000,1331232,-528481
24.500000,1336085,-536872
24.550000,1340929,-545259
24.600000,1345765,-553648
24.650000,1350593,-562037
24.700000,1355411,-570425
24.750000,1360221,-578815
24.800000,1365022,-587201
24.850000,1369814,-595592
24.900000,1374596,-603980
24.950000,1379370,-612368
25.000000,1384133,-620757
25.050000,1388888,-629146
25.100000,1393632,-637533
25.150000,1398367,-645924
25.200000,1403091,-654311
25.250000,1407806,-662701
25.300000,1412510,-671087
25.350000,1417204,-679478
25.400000,1421887,-687866
25.450000,1426560,-696255
25.500000,1431222,-704642
25.550000,1435873,-713032
25.600000,1440513,-721421
25.650000,1445142,-729808
25.700000,1449760,-738198
25.750000,1454366,-746586
25.800000,1458961,-754974
25.850000,1463544,-763364
25.900000,1468116,-771752
25.950000,1472675,-780141
26.000000,1477223,-788528
26.050000,1481758,-796919
26.100000,1486281,-805306
26.150000,1490792,-813694
26.200000,1495290,-822085
26.250000,1499775,-830471
26.300000,1504248,-838861
26.350000,1508707,-847250
26.400000,1513154,-855638
26.450000,1517587,-864026
26.500000,1522007,-872415
26.550000,1526414,-880805
26.600000,1530807,-889192
26.650000,1535187,-897581
26.700000,1539552,-905969
26.750000,1543904,-914359
26.800000,1548241,-922747
26.850000,1552565,-931135
26.900000,1556874,-939524
26.950000,1561168,-947913
27.000000,1565448,-956302
27.050000,1569713,-964689
27.100000,1573964,-973079
27.150000,1578199,-981466
27.200000,1582419,-989857
27.250000,1586624,-998244
27.300000,1590814,-1006633
27.350000,1594988,-1015022
27.400000,1599147,-1023409
27.450000,1603290,-1031800
27.500000,1607417,-1040187
27.550000,1611528,-1048576
27.600000,1615623,-1056964
27.650000,1619701,-1065354
27.700000,1623763,-1073742
27.750000,1627809,-1082130
27.800000,1631838,-1090519
27.850000,1635850,-1098908
27.900000,1639846,-1107296
27.950000,1643824,-1115684
28.000000,1647785,-1124075
28.050000,1651729,-1132461
28.100000,1655656,-1140851
28.150000,1659565,-1149239
28.200000,1663456,-1157628
28.250000,1667330,-1166017
28.300000,1671185,-1174405
28.350000,1675023,-1182794
28.400000,1678842,-1191182
28.450000,1682643,-1199571
28.500000,1686426,-1207959
28.550000,1690190,-1216349
28.600000,1693935,-1224736
28.650000,1697662,-1233126
28.700000,1701370,-1241514
28.750000,1705058,-1249902
28.800000,1708728,-1258292
28.850000,1712378,-1266679
28.900000,1716008,-1275069
28.950000,1719619,-1283456
29.000000,1723211,-1291847
29.050000,1726782,-1300233
29.100000,1730334,-1308624
29.150000,1733865,-1317011
29.200000,1737376,-1325400
29.250000,1740867,-1333788
29.300000,1744337,-1342178
29.350000,1747787,-1350566
29.400000,1751216,-1358955
29.450000,1754624,-1367342
29.500000,1758011,-1375732
29.550000,1761377,-1384121
29.600000,1764722,-1392508
29.650000,1768045,-1400898
29.700000,1771347,-1409286
29.750000,1774628,-1417675
29.800000,1777886,-1426063
29.850000,1781123,-1434452
29.900000,1784337,-1442841
29.950000,1787530,-1451229
30.000000,1790700,-1459618
30.050000,1793848,-1468006
30.100000,1796973,-1476396
30.150000,1800076,-1484783
30.200000,1803155,-1493172
30.250000,1806212,-1501560
30.300000,1809246,-1509951
30.350000,1812257,-1518337
30.400000,1815244,-1526727
30.450000,1818208,-1535115
30.500000,1821149,-1543504
30.550000,1824065,-1551893
30.600000,1826958,-1560280
30.650000,1829827,-1568671
30.700000,1832672,-1577057
30.750000,1835493,-1577669
30.800000,1838290,-1578278
30.850000,1841062,-1578888
30.900000,1843811,-1579498
30.950000,1846535,-1580107
31.000000,1849236,-1580717
31.050000,1851912,-1581328
31.100000,1854564,-1581937
31.150000,1857192,-1574768
31.200000,1859796,-1567600
31.250000,1862377,-1560430
31.300000,1864933,-1553261
31.350000,1867466,-1546093
31.400000,1869976,-1538924
31.450000,1872462,-1531755
31.500000,1874925,-1524585
31.550000,1877365,-1517418
31.600000,1879781,-1510248
31.650000,1882175,-1503079
31.700000,1884546,-1495910
31.750000,1886894,-1488742
31.800000,1889220,-1481572
31.850000,1891523,-1474404
31.900000,1893804,-1467235
31.950000,1896062,-1460066
32.000000,1898299,-1452896
32.050000,1900513,-1445729
32.100000,1902705,-1438559
32.150000,1904876,-1431390
32.200000,1907024,-1424221
32.250000,1909151,-1417053
32.300000,1911257,-1409884
32.350000,1913341,-1402714
32.400000,1915404,-1395546
32.450000,1917446,-1388377
32.500000,1919466,-1381207
32.550000,1921466,-1374040
32.600000,1923445,-1366870
32.650000,1925403,-1359701
32.700000,1927340,-1352532
32.750000,1929257,-1345364
32.800000,1931154,-1338195
32.850000,1933030,-1331025
32.900000,1934886,-1323857
32.950000,1936721,-1316688
33.000000,1938537,-1309518
33.050000,1940333,-1302351
33.100000,1942110,-1295181
33.150000,1943866,-1288012
33.200000,1945603,-1280844
33.250000,1947321,-1273674
33.300000,1949019,-1266505
33.350000,1950698,-1259337
33.400000,1952358,-1252168
33.450000,1953999,-1244999
33.500000,1955621,-1237830
33.550000,1957225,-1230662
33.600000,1958809,-1223491
33.650000,1960375,-1216323
33.700000,1961923,-1209155
33.750000,1963452,-1201986
33.800000,1964963,-1194815
33.850000,1966456,-1187649
33.900000,1967931,-1180478
33.950000,1969388,-1173310
34.000000,1970827,-1166141
34.050000,1972249,-1158973
34.100000,1973653,-1151802
34.150000,1975039,-1144635
34.200000,1976408,-1137465
34.250000,1977760,-1130296
34.300000,1979095,-1123128
34.350000,1980413,-1115959
34.400000,1981713,-1108790
34.450000,1982997,-1101620
34.500000,1984265,-1094452
34.550000,1985515,-1087284
34.600000,1986750,-1080113
34.650000,1987968,-1072946
34.700000,1989169,-1065777
34.750000,1990355,-1058606
34.800000,1991524,-1051440
34.850000,1992677,-1044269
34.900000,1993815,-1037101
34.950000,1994937,-1029931
35.000000,1996043,-1022764
35.050000,1997134,-1015594
35.100000,1998209,-1008425
35.150000,1999270,-1001256
35.200000,2000315,-994088
35.250000,2001345,-986918
35.300000,2002360,-979749
35.350000,2003360,-972582
35.400000,2004345,-965411
35.450000,2005316,-958243
35.500000,2006272,-951074
35.550000,2007214,-943906
35.600000,2008142,-936735
35.650000,2009055,-929568
35.700000,2009954,-922398
35.750000,2010840,-915229
35.800000,2011711,-908062
35.850000,2012569,-900890
35.900000,2013413,-893724
35.950000,2014243,-886554
36.000000,2015061,-879384
36.050000,2015864,-872217
36.100000,2016655,-865047
36.150000,2017433,-857878
36.200000,2018197,-850709
36.250000,2018949,-843541
36.300000,2019688,-836372
36.350000,2020414,-829202
36.400000,2021128,-822034
36.450000,2021829,-814865
36.500000,2022518,-807696
36.550000,2023195,-800528
36.600000,2023860,-793357
36.650000,2024512,-786190
36.700000,2025153,-779020
36.750000,2025782,-771851
36.800000,2026400,-764683
36.850000,2027005,-757514
36.900000,2027600,-750345
36.950000,2028183,-743175
37.000000,2028754,-736008
37.050000,2029315,-728837
37.100000,2029865,-721670
37.150000,2030403,-714500
37.200000,2030931,-707332
37.250000,2031449,-700162
37.300000,2031955,-692993
37.350000,2032451,-685826
37.400000,2032937,-678655
37.450000,2033413,-671487
37.500000,2033878,-664318
37.550000,2034334,-657150
37.600000,2034779,-649979
37.650000,2035215,-642812
37.700000,2035641,-635642
37.750000,2036058,-628474
37.800000,2036464,-621304
37.850000,2036862,-614136
37.900000,2037250,-606967
37.950000,2037630,-599798
38.000000,2038000,-592628
38.050000,2038361,-585461
38.100000,2038713,-578292
38.150000,2039057,-571121
38.200000,2039392,-563954
38.250000,2039718,-556784
38.300000,2040037,-549616
38.350000,2040347,-542447
38.400000,2040648,-535278
38.450000,2040942,-528108
38.500000,2041228,-520940
38.550000,2041505,-513772
38.600000,2041776,-506602
38.650000,2042038,-499433
38.700000,2042293,-492264
38.750000,2042541,-485097
38.800000,2042781,-477925
38.850000,2043014,-470759
38.900000,2043240,-463588
38.950000,2043459,-456420
39.000000,2043672,-449252
39.050000,2043877,-442081
39.100000,2044076,-434914
39.150000,2044268,-427744
39.200000,2044454,-420575
39.250000,2044634,-413407
39.300000,2044807,-406238
39.350000,2044975,-399068
39.400000,2045136,-391900
39.450000,2045291,-384731
39.500000,2045441,-377562
39.550000,2045585,-370394
39.600000,2045724,-363223
39.650000,2045857,-356056
39.700000,2045984,-348886
39.750000,2046107,-341718
39.800000,2046224,-334548
39.850000,2046337,-327380
39.900000,2046444,-320211
39.950000,2046547,-313042
40.000000,2046645,-305873
40.050000,2046739,-298704
40.100000,2046828,-291535
40.150000,2046913,-284367
40.200000,2046993,-277197
40.250000,2047070,-270029
40.300000,2047142,-262859
40.350000,2047211,-255691
40.400000,2047275,-248522
40.450000,2047336,-241353
40.500000,2047394,-234184
40.550000,2047448,-227015
40.600000,2047498,-219846
40.650000,2047546,-212678
40.700000,2047590,-205508
40.750000,2047631,-198340
40.800000,2047670,-191170
40.850000,2047705,-184002
40.900000,2047738,-176833
40.950000,2047768,-169664
41.000000,2047796,-162494
41.050000,2047821,-155327
41.100000,2047844,-148158
41.150000,2047865,-140987
41.200000,2047884,-133820
41.250000,2047901,-126651
41.300000,2047916,-119481
41.350000,2047930,-112313
41.400000,2047942,-105144
41.450000,2047952,-97975
41.500000,2047961,-90805
41.550000,2047969,-83638
41.600000,2047975,-76468
41.650000,2047981,-69300
41.700000,2047985,-62130
41.750000,2047989,-54962
41.800000,2047992,-47792
41.850000,2047994,-40624
41.900000,2047996,-33455
41.950000,2047997,-29298
42.000000,2047998,-25141
42.050000,2047999,-20983
42.100000,2047999,-16828
42.150000,2047999,-12670
42.200000,2047999,-8512
42.250000,2047999,-4357
42.300000,2047999,-199
42.350000,2047999,-174
42.400000,2047999,-150
42.450000,2047999,-124
42.500000,2047999,-99
42.550000,2047999,-75
42.600000,2048000,-50
42.650000,2048000,-25
42.700000,2048000,0
42.750000,2048000,0
42.800000,2048000,0
42.850000,2048000,0
42.900000,2048000,0
42.950000,2048000,0
43.000000,2048000,0
43.050000,2048000,0
43.100000,2048000,0
43.150000,2048000,0
43.200000,2048000,0
43.250000,2048000,0
43.300000,2048000,0
43.350000,2048000,0
43.400000,2048000,0
43.450000,2048000,0
43.500000,2048000,0
43.550000,2048000,0
43.600000,2048000,0
43.650000,2048000,0
43.700000,2048000,0
43.750000,2048000,0
43.800000,2048000,0
43.850000,2048000,0
43.900000,2048000,0
43.950000,2048000,0
44.000000,2048000,0
44.050000,2048000,0
44.100000,2048000,0
44.150000,2048000,0
44.200000,2048000,0
44.250000,2048000,0
44.300000,2048000,0
44.350000,2048000,0
44.400000,2048000,0
44.450000,2048000,0
44.500000,2048000,0
44.550000,2048000,0
44.600000,2048000,0
44.650000,2048000,0
44.700000,2048000,0
44.750000,2048000,0
44.800000,2048000,0
44.850000,2048000,0
44.900000,2048000,0
44.950000,2048000,0
45.000000,2048000,0
45.050000,2048000,0
45.100000,2048000,0
45.150000,2048000,0
45.200000,2048000,0
45.250000,2048000,0
45.300000,2048000,0
45.350000,2048000,0
45.400000,2048000,0
45.450000,2048000,0
45.500000,2048000,0
45.550000,2048000,0
45.600000,2048000,0
45.650000,2048000,0
45.700000,2048000,0
45.750000,2048000,0
45.800000,2048000,0
45.850000,2048000,0
45.900000,2048000,0
45.950000,2048000,0
46.000000,2048000,0
46.050000,2048000,0
46.100000,2048000,0
46.150000,2048000,0
46.200000,2048000,0
46.250000,2048000,0
46.300000,2048000,0
46.350000,2048000,0
46.400000,2048000,0
46.450000,2048000,0
46.500000,2048000,0
46.550000,2048000,0
46.600000,2048000,0
46.650000,2048000,0
46.700000,2048000,0
46.750000,2048000,0
46.800000,2048000,0
46.850000,2048000,0
46.900000,2048000,0
46.950000,2048000,0
47.000000,2048000,0
47.050000,2048000,0
47.100000,2048000,0
47.150000,2048000,0
47.200000,2048000,0
47.250000,2048000,0
47.300000,2048000,0
47.350000,2048000,0
47.400000,2048000,0
47.450000,2048000,0
47.500000,2048000,0
47.550000,2048000,0
47.600000,2048000,0
47.650000,2048000,0
47.700000,2048000,0
47.750000,2048000,0
47.800000,2048000,0
47.850000,2048000,0
47.900000,2048000,0
47.950000,2048000,0
48.000000,2048000,0
48.050000,2048000,0
48.100000,2048000,0
48.150000,2048000,0
48.200000,2048000,0
48.250000,2048000,0
48.300000,2048000,0
48.350000,2048000,0
48.400000,2048000,0
48.450000,2048000,0
48.500000,2048000,0
48.550000,2048000,0
48.600000,2048000,0
48.650000,2048000,0
48.700000,2048000,0
48.750000,2048000,0
48.800000,2048000,0
48.850000,2048000,0
48.900000,2048000,0
48.950000,2048000,0
49.000000,2048000,0
49.050000,2048000,0
49.100000,2048000,0
49.150000,2048000,0
49.200000,2048000,0
49.250000,2048000,0
49.300000,2048000,0
49.350000,2048000,0
49.400000,2048000,0
49.450000,2048000,0
49.500000,2048000,0
49.550000,2048000,0
49.600000,2048000,0
49.650000,2048000,0
49.700000,2048000,0
49.750000,2048000,0
49.800000,2048000,0
49.850000,2048000,0
49.900000,2048000,0
49.950000,2048000,0