Time, M0
0.000000,0
0.050000,0
0.100000,0
0.150000,0
0.200000,0
0.250000,0
0.300000,0
0.350000,0
0.400000,0
0.450000,0
0.500000,0
0.550000,0
0.600000,0
0.650000,0
0.700000,0
0.750000,0
0.800000,0
0.850000,0
0.900000,0
0.950000,0
1.000000,0
1.050000,0
1.100000,0
1.150000,0
1.200000,0
1.250000,0
1.300000,0
1.350000,1
1.400000,2
1.450000,3
1.500000,4
1.550000,5
1.600000,8
1.650000,10
1.700000,13
1.750000,17
1.800000,22
1.850000,27
1.900000,33
1.950000,40
2.000000,48
2.050000,58
2.100000,68
2.150000,80
2.200000,93
2.250000,107
2.300000,122
2.350000,140
2.400000,158
2.450000,179
2.500000,201
2.550000,225
2.600000,251
2.650000,279
2.700000,309
2.750000,340
2.800000,374
2.850000,411
2.900000,449
2.950000,490
3.000000,534
3.050000,580
3.100000,628
3.150000,679
3.200000,733
3.250000,790
3.300000,850
3.350000,913
3.400000,979
3.450000,1048
3.500000,1120
3.550000,1195
3.600000,1275
3.650000,1357
3.700000,1444
3.750000,1534
3.800000,1627
3.850000,1725
3.900000,1827
3.950000,1933
4.000000,2043
4.050000,2158
4.100000,2277
4.150000,2400
4.200000,2528
4.250000,2661
4.300000,2799
4.350000,2941
4.400000,3089
4.450000,3241
4.500000,3399
4.550000,3562
4.600000,3730
4.650000,3904
4.700000,4084
4.750000,4269
4.800000,4460
4.850000,4656
4.900000,4859
4.950000,5068
5.000000,5283
5.050000,5504
5.100000,5732
5.150000,5967
5.200000,6208
5.250000,6456
5.300000,6710
5.350000,6972
5.400000,7241
5.450000,7517
5.500000,7801
5.550000,8092
5.600000,8391
5.650000,8698
5.700000,9012
5.750000,9334
5.800000,9665
5.850000,10004
5.900000,10351
5.950000,10706
6.000000,11070
6.050000,11443
6.100000,11825
6.150000,12216
6.200000,12615
6.250000,13024
6.300000,13442
6.350000,13870
6.400000,14307
6.450000,14754
6.500000,15211
6.550000,15677
6.600000,16154
6.650000,16641
6.700000,17138
6.750000,17645
6.800000,18163
6.850000,18692
6.900000,19231
6.950000,19782
7.000000,20343
7.050000,20915
7.100000,21499
7.150000,22094
7.200000,22701
7.250000,23319
7.300000,23949
7.350000,24591
7.400000,25245
7.450000,25911
7.500000,26589
7.550000,27280
7.600000,27983
7.650000,28699
7.700000,29428
7.750000,30170
7.800000,30925
7.850000,31693
7.900000,32474
7.950000,33269
8.000000,34077
8.050000,34899
8.100000,35735
8.150000,36585
8.200000,37449
8.250000,38327
8.300000,39219
8.350000,40126
8.400000,41048
8.450000,41984
8.500000,42935
8.550000,43901
8.600000,44882
8.650000,45878
8.700000,46890
8.750000,47917
8.800000,48960
8.850000,50019
8.900000,51093
8.950000,52183
9.000000,53290
9.050000,54413
9.100000,55552
9.150000,56708
9.200000,57880
9.250000,59069
9.300000,60275
9.350000,61498
9.400000,62738
9.450000,63996
9.500000,65271
9.550000,66563
9.600000,67873
9.650000,69201
9.700000,70547
9.750000,71911
9.800000,73293
9.850000,74693
9.900000,76112
9.950000,77549
10.000000,79005
10.050000,80480
10.100000,81974
10.150000,83487
10.200000,85019
10.250000,86570
10.300000,88141
10.350000,89731
10.400000,91341
10.450000,92971
10.500000,94621
10.550000,96291
10.600000,97981
10.650000,99692
10.700000,101423
10.750000,103175
10.800000,104947
10.850000,106740
10.900000,108553
10.950000,110388
11.000000,112243
11.050000,114119
11.100000,116016
11.150000,117934
11.200000,119873
11.250000,121833
11.300000,123814
11.350000,125816
11.400000,127839
11.450000,129883
11.500000,131948
11.550000,134033
11.600000,136140
11.650000,138267
11.700000,140415
11.750000,142585
11.800000,144775
11.850000,146986
11.900000,149218
11.950000,151470
12.000000,153744
12.050000,156038
12.100000,158354
12.150000,160690
12.200000,163047
12.250000,165425
12.300000,167824
12.350000,170243
12.400000,172684
12.450000,175145
12.500000,177627
12.550000,180130
12.600000,182653
12.650000,185198
12.700000,187763
12.750000,190349
12.800000,192956
12.850000,195583
12.900000,198231
12.950000,200900
13.000000,203590
13.050000,206300
13.100000,209030
13.150000,211781
13.200000,214553
13.250000,217345
13.300000,220157
13.350000,222990
13.400000,225843
13.450000,228716
13.500000,231609
13.550000,234523
13.600000,237456
13.650000,240410
13.700000,243383
13.750000,246377
13.800000,249390
13.850000,252423
13.900000,255476
13.950000,258549
14.000000,261641
14.050000,264753
14.100000,267884
14.150000,271035
14.200000,274206
14.250000,277396
14.300000,280605
14.350000,283834
14.400000,287081
14.450000,290348
14.500000,293634
14.550000,296939
14.600000,300263
14.650000,303606
14.700000,306968
14.750000,310348
14.800000,313747
14.850000,317164
14.900000,320600
14.950000,324054
15.000000,327527
15.050000,331017
15.100000,334526
15.150000,338052
15.200000,341596
15.250000,345159
15.300000,348738
15.350000,352336
15.400000,355950
15.450000,359582
15.500000,363232
15.550000,366898
15.600000,370582
15.650000,374283
15.700000,378000
15.750000,381735
15.800000,385486
15.850000,389254
15.900000,393038
15.950000,396838
16.000000,400655
16.050000,404489
16.100000,408338
16.150000,412204
16.200000,416085
16.250000,419982
16.300000,423895
16.350000,427824
16.400000,431768
16.450000,435728
16.500000,439703
16.550000,443693
16.600000,447699
16.650000,451719
16.700000,455755
16.750000,459805
16.800000,463870
16.850000,467949
16.900000,472044
16.950000,476152
17.000000,480275
17.050000,484412
17.100000,488563
17.150000,492728
17.200000,496907
17.250000,501100
17.300000,505306
17.350000,509526
17.400000,513759
17.450000,518006
17.500000,522266
17.550000,526539
17.600000,530824
17.650000,535123
17.700000,539435
17.750000,543759
17.800000,548096
17.850000,552445
17.900000,556806
17.950000,561180
18.000000,565565
18.050000,569963
18.100000,574373
18.150000,578794
18.200000,583227
18.250000,587672
18.300000,592128
18.350000,596596
18.400000,601074
18.450000,605564
18.500000,610065
18.550000,614577
18.600000,619099
18.650000,623632
18.700000,628176
18.750000,632730
18.800000,637295
18.850000,641870
18.900000,646455
18.950000,651049
19.000000,655654
19.050000,660269
19.100000,664894
19.150000,669528
19.200000,674171
19.250000,678824
19.300000,683486
19.350000,688157
19.400000,692838
19.450000,697527
19.500000,702225
19.550000,706932
19.600000,711647
19.650000,716371
19.700000,721103
19.750000,725844
19.800000,730592
19.850000,735349
19.900000,740114
19.950000,744886
20.000000,749667
20.050000,754455
20.100000,759250
20.150000,764053
20.200000,768863
20.250000,773680
20.300000,778505
20.350000,783336
20.400000,788174
20.450000,793019
20.500000,797871
20.550000,802729
20.600000,807593
20.650000,812464
20.700000,817341
20.750000,822224
20.800000,827113
20.850000,832008
20.900000,836909
20.950000,841815
21.000000,846727
21.050000,851645
21.100000,856567
21.150000,861495
21.200000,866428
21.250000,871366
21.300000,876308
21.350000,881255
21.400000,886207
21.450000,891163
21.500000,896123
21.550000,901087
21.600000,906055
21.650000,911026
21.700000,916001
21.750000,920979
21.800000,925960
21.850000,930944
21.900000,935931
21.950000,940921
22.000000,945912
22.050000,950906
22.100000,955902
22.150000,960900
22.200000,965900
22.250000,970901
22.300000,975904
22.350000,980909
22.400000,985914
22.450000,990921
22.500000,995928
22.550000,1000936
22.600000,1005946
22.650000,1010955
22.700000,1015966
22.750000,1020976
22.800000,1025987
22.850000,1030998
22.900000,1036009
22.950000,1041020
23.000000,1046031
23.050000,1051041
23.100000,1056051
23.150000,1061061
23.200000,1066069
23.250000,1071077
23.300000,1076084
23.350000,1081090
23.400000,1086094
23.450000,1091097
23.500000,1096099
23.550000,1101099
23.600000,1106097
23.650000,1111093
23.700000,1116087
23.750000,1121079
23.800000,1126069
23.850000,1131056
23.900000,1136040
23.950000,1141022
24.000000,1146000
24.050000,1150976
24.100000,1155948
24.150000,1160917
24.200000,1165883
24.250000,1170845
24.300000,1175803
24.350000,1180757
24.400000,1185708
24.450000,1190654
24.500000,1195596
24.550000,1200533
24.600000,1205467
24.650000,1210395
24.700000,1215319
24.750000,1220238
24.800000,1225152
24.850000,1230061
24.900000,1234964
24.950000,1239862
25.000000,1244755
25.050000,1249642
25.100000,1254523
25.150000,1259398
25.200000,1264267
25.250000,1269130
25.300000,1273986
25.350000,1278836
25.400000,1283679
25.450000,1288516
25.500000,1293345
25.550000,1298167
25.600000,1302982
25.650000,1307790
25.700000,1312589
25.750000,1317382
25.800000,1322166
25.850000,1326943
25.900000,1331711
25.950000,1336471
26.000000,1341223
26.050000,1345966
26.100000,1350701
26.150000,1355427
26.200000,1360144
26.250000,1364852
26.300000,1369551
26.350000,1374241
26.400000,1378921
26.450000,1383592
26.500000,1388254
26.550000,1392905
26.600000,1397547
26.650000,1402178
26.700000,1406800
26.750000,1411411
26.800000,1416012
26.850000,1420602
26.900000,1425182
26.950000,1429751
27.000000,1434309
27.050000,1438856
27.100000,1443392
27.150000,1447916
27.200000,1452429
27.250000,1456931
27.300000,1461420
27.350000,1465898
27.400000,1470364
27.450000,1474818
27.500000,1479259
27.550000,1483688
27.600000,1488105
27.650000,1492509
27.700000,1496900
27.750000,1501278
27.800000,1505643
27.850000,1509995
27.900000,1514334
27.950000,1518659
28.000000,1522971
28.050000,1527269
28.100000,1531553
28.150000,1535823
28.200000,1540079
28.250000,1544321
28.300000,1548549
28.350000,1552762
28.400000,1556961
28.450000,1561144
28.500000,1565313
28.550000,1569467
28.600000,1573606
28.650000,1577730
28.700000,1581838
28.750000,1585931
28.800000,1590008
28.850000,1594070
28.900000,1598115
28.950000,1602145
29.000000,1606158
29.050000,1610155
29.100000,1614136
29.150000,1618100
29.200000,1622048
29.250000,1625979
29.300000,1629893
29.350000,1633790
29.400000,1637670
29.450000,1641532
29.500000,1645377
29.550000,1649205
29.600000,1653015
29.650000,1656807
29.700000,1660581
29.750000,1664337
29.800000,1668075
29.850000,1671795
29.900000,1675496
29.950000,1679179
30.000000,1682843
30.050000,1686488
30.100000,1690114
30.150000,1693722
30.200000,1697310
30.250000,1700878
30.300000,1704427
30.350000,1707957
30.400000,1711467
30.450000,1714957
30.500000,1718427
30.550000,1721877
30.600000,1725307
30.650000,1728716
30.700000,1732105
30.750000,1735473
30.800000,1738821
30.850000,1742148
30.900000,1745455
30.950000,1748740
31.000000,1752005
31.050000,1755249
31.100000,1758472
31.150000,1761674
31.200000,1764855
31.250000,1768015
31.300000,1771154
31.350000,1774272
31.400000,1777369
31.450000,1780445
31.500000,1783501
31.550000,1786535
31.600000,1789549
31.650000,1792541
31.700000,1795513
31.750000,1798464
31.800000,1801393
31.850000,1804302
31.900000,1807191
31.950000,1810058
32.000000,1812904
32.050000,1815730
32.100000,1818534
32.150000,1821318
32.200000,1824081
32.250000,1826823
32.300000,1829544
32.350000,1832245
32.400000,1834925
32.450000,1837583
32.500000,1840221
32.550000,1842838
32.600000,1845435
32.650000,1848010
32.700000,1850565
32.750000,1853099
32.800000,1855612
32.850000,1858105
32.900000,1860577
32.950000,1863028
33.000000,1865459
33.050000,1867869
33.100000,1870258
33.150000,1872627
33.200000,1874975
33.250000,1877303
33.300000,1879611
33.350000,1881898
33.400000,1884165
33.450000,1886412
33.500000,1888639
33.550000,1890845
33.600000,1893032
33.650000,1895198
33.700000,1897345
33.750000,1899471
33.800000,1901578
33.850000,1903665
33.900000,1905732
33.950000,1907779
34.000000,1909807
34.050000,1911815
34.100000,1913804
34.150000,1915773
34.200000,1917722
34.250000,1919652
34.300000,1921563
34.350000,1923455
34.400000,1925327
34.450000,1927180
34.500000,1929014
34.550000,1930829
34.600000,1932625
34.650000,1934402
34.700000,1936161
34.750000,1937900
34.800000,1939621
34.850000,1941324
34.900000,1943008
34.950000,1944674
35.000000,1946322
35.050000,1947951
35.100000,1949563
35.150000,1951156
35.200000,1952732
35.250000,1954290
35.300000,1955830
35.350000,1957353
35.400000,1958858
35.450000,1960346
35.500000,1961816
35.550000,1963270
35.600000,1964706
35.650000,1966125
35.700000,1967528
35.750000,1968913
35.800000,1970282
35.850000,1971635
35.900000,1972970
35.950000,1974290
36.000000,1975593
36.050000,1976879
36.100000,1978150
36.150000,1979405
36.200000,1980643
36.250000,1981866
36.300000,1983073
36.350000,1984264
36.400000,1985440
36.450000,1986600
36.500000,1987745
36.550000,1988875
36.600000,1989990
36.650000,1991089
36.700000,1992174
36.750000,1993243
36.800000,1994298
36.850000,1995339
36.900000,1996365
36.950000,1997376
37.000000,1998373
37.050000,1999356
37.100000,2000325
37.150000,2001280
37.200000,2002221
37.250000,2003148
37.300000,2004062
37.350000,2004962
37.400000,2005849
37.450000,2006722
37.500000,2007582
37.550000,2008430
37.600000,2009264
37.650000,2010085
37.700000,2010893
37.750000,2011689
37.800000,2012473
37.850000,2013244
37.900000,2014002
37.950000,2014748
38.000000,2015483
38.050000,2016205
38.100000,2016915
38.150000,2017614
38.200000,2018301
38.250000,2018976
38.300000,2019640
38.350000,2020293
38.400000,2020934
38.450000,2021564
38.500000,2022183
38.550000,2022792
38.600000,2023389
38.650000,2023976
38.700000,2024552
38.750000,2025118
38.800000,2025673
38.850000,2026219
38.900000,2026754
38.950000,2027279
39.000000,2027794
39.050000,2028299
39.100000,2028795
39.150000,2029281
39.200000,2029757
39.250000,2030224
39.300000,2030682
39.350000,2031131
39.400000,2031571
39.450000,2032001
39.500000,2032423
39.550000,2032837
39.600000,2033241
39.650000,2033637
39.700000,2034025
39.750000,2034405
39.800000,2034776
39.850000,2035139
39.900000,2035494
39.950000,2035842
40.000000,2036181
40.050000,2036514
40.100000,2036838
40.150000,2037155
40.200000,2037465
40.250000,2037768
40.300000,2038064
40.350000,2038352
40.400000,2038634
40.450000,2038909
40.500000,2039178
40.550000,2039439
40.600000,2039695
40.650000,2039944
40.700000,2040187
40.750000,2040424
40.800000,2040655
40.850000,2040880
40.900000,2041099
40.950000,2041313
41.000000,2041521
41.050000,2041724
41.100000,2041921
41.150000,2042113
41.200000,2042300
41.250000,2042482
41.300000,2042659
41.350000,2042831
41.400000,2042999
41.450000,2043162
41.500000,2043321
41.550000,2043475
41.600000,2043625
41.650000,2043771
41.700000,2043913
41.750000,2044051
41.800000,2044186
41.850000,2044316
41.900000,2044443
41.950000,2044567
42.000000,2044687
42.050000,2044804
42.100000,2044917
42.150000,2045028
42.200000,2045135
42.250000,2045239
42.300000,2045341
42.350000,2045439
42.400000,2045535
42.450000,2045628
42.500000,2045719
42.550000,2045806
42.600000,2045891
42.650000,2045974
42.700000,2046054
42.750000,2046131
42.800000,2046206
42.850000,2046279
42.900000,2046349
42.950000,2046417
43.000000,2046483
43.050000,2046547
43.100000,2046608
43.150000,2046668
43.200000,2046725
43.250000,2046780
43.300000,2046834
43.350000,2046885
43.400000,2046935
43.450000,2046983
43.500000,2047029
43.550000,2047073
43.600000,2047116
43.650000,2047157
43.700000,2047197
43.750000,2047235
43.800000,2047271
43.850000,2047307
43.900000,2047340
43.950000,2047373
44.000000,2047404
44.050000,2047434
44.100000,2047463
44.150000,2047490
44.200000,2047517
44.250000,2047542
44.300000,2047566
44.350000,2047589
44.400000,2047611
44.450000,2047633
44.500000,2047653
44.550000,2047672
44.600000,2047691
44.650000,2047708
44.700000,2047725
44.750000,2047741
44.800000,2047756
44.850000,2047771
44.900000,2047784
44.950000,2047797
45.000000,2047810
45.050000,2047821
45.100000,2047832
45.150000,2047843
45.200000,2047853
45.250000,2047862
45.300000,2047871
45.350000,2047879
45.400000,2047887
45.450000,2047895
45.500000,2047902
45.550000,2047908
45.600000,2047915
45.650000,2047921
45.700000,2047926
45.750000,2047932
45.800000,2047937
45.850000,2047941
45.900000,2047946
45.950000,2047950
46.000000,2047954
46.050000,2047958
46.100000,2047962
46.150000,2047965
46.200000,2047968
46.250000,2047971
46.300000,2047974
46.350000,2047976
46.400000,2047979
46.450000,2047981
46.500000,2047983
46.550000,2047985
46.600000,2047987
46.650000,2047988
46.700000,2047990
46.750000,2047991
46.800000,2047992
46.850000,2047993
46.900000,2047994
46.950000,2047995
47.000000,2047996
47.050000,2047997
47.100000,2047997
47.150000,2047998
47.200000,2047998
47.250000,2047998
47.300000,2047999
47.350000,2047999
47.400000,2047999
47.450000,2047999
47.500000,2047999
47.550000,2047999
47.600000,2047999
47.650000,2047999
47.700000,2047999
47.750000,2047999
47.800000,2047999
47.850000,2047999
47.900000,2047999
47.950000,2047999
48.000000,2047999
48.050000,2047999
48.100000,2047999
48.150000,2047999
48.200000,2048000
48.250000,2048000
48.300000,2048000
48.350000,2048000
48.400000,2048000
48.450000,2048000
48.500000,2048000
48.550000,2048000
48.600000,2048000
48.650000,2048000
48.700000,2048000
48.750000,2048000
48.800000,2048000
48.850000,2048000
48.900000,2048000
48.950000,2048000
49.000000,2048000
49.050000,2048000
49.100000,2048000
49.150000,2048000
49.200000,2048000
49.250000,2048000
49.300000,2048000
49.350000,2048000
49.400000,2048000
49.450000,2048000
49.500000,2048000
49.550000,2048000
49.600000,2048000
49.650000,2048000
49.700000,2048000
49.750000,2048000
49.800000,2048000
49.850000,2048000
49.900000,2048000
49.950000,2048000