,Time,M0,M14
0,0.0,0.0,0.0
1,0.05,0.0,0.0
2,0.1,0.0,0.0
3,0.15,0.0,0.0
4,0.2,0.0,0.0
5,0.25,0.0,0.0
6,0.3,0.0,0.0
7,0.35,0.0,0.0
8,0.4,0.0,0.0
9,0.45,0.0,0.0
10,0.5,0.0,0.0
11,0.55,0.0,0.0
12,0.6,0.0,0.0
13,0.65,0.0,0.0
14,0.7,0.0,0.0
15,0.75,0.0,0.0
16,0.8,0.0,0.0
17,0.85,0.0,0.0
18,0.9,0.0,0.0
19,0.95,0.0,0.0
20,1.0,0.0,0.0
21,1.05,0.0,0.0
22,1.1,0.0,0.0
23,1.15,0.0,0.012499094009399414
24,1.2,0.0,0.025001168251037598
25,1.25,0.0,0.03749728202819824
26,1.3,4.882812500000001e-10,0.050002336502075195
27,1.35,9.765625000000002e-10,0.06250143051147461
28,1.4,1.4648437500000002e-09,0.07499754428863525
29,1.45,2.44140625e-09,0.08750259876251221
30,1.5,3.4179687500000004e-09,0.09999573230743408
31,1.55,4.8828125e-09,0.12500286102294922
32,1.6,6.835937500000001e-09,0.15000104904174805
33,1.65,8.7890625e-09,0.1749962568283081
34,1.7,1.1718750000000002e-08,0.20000338554382324
35,1.75,1.513671875e-08,0.2249985933303833
36,1.8,1.9042968750000003e-08,0.2499997615814209
37,1.85,2.3437500000000004e-08,0.2750009298324585
38,1.9,2.8808593750000002e-08,0.3000020980834961
39,1.95,3.515625e-08,0.32499730587005615
40,2.0,4.248046875000001e-08,0.3500014543533325
41,2.05,5.0292968750000005e-08,0.37499964237213135
42,2.1,5.908203125000001e-08,0.3999978303909302
43,2.15,6.93359375e-08,0.42500197887420654
44,2.2,8.056640625000001e-08,0.45000016689300537
45,2.25,9.27734375e-08,0.4749983549118042
46,2.3,1.064453125e-07,0.5000025033950806
47,2.35,1.2158203125000002e-07,0.5249977111816406
48,2.4,1.376953125e-07,0.550001859664917
49,2.45,1.5527343750000002e-07,0.5750000476837158
50,2.5,1.7480468750000001e-07,0.5999982357025146
51,2.55,1.9580078125000002e-07,0.6249994039535522
52,2.6,2.1777343750000003e-07,0.6500035524368286
53,2.65,2.421875e-07,0.6749957799911499
54,2.7,2.6806640625000006e-07,0.700002908706665
55,2.75,2.9589843750000005e-07,0.7249981164932251
56,2.8,3.251953125e-07,0.7500022649765015
57,2.85,3.5693359375000005e-07,0.7749974727630615
58,2.9,3.9013671875000006e-07,0.8000016212463379
59,2.95,4.2578125e-07,0.8249998092651367
60,3.0,4.6337890625000004e-07,0.8500009775161743
61,3.05,5.0341796875e-07,0.8749991655349731
62,3.1,5.454101562500001e-07,0.899997353553772
63,3.15,5.8984375e-07,0.9250044822692871
64,3.2,6.367187500000001e-07,0.9499967098236084
65,3.25,6.860351562500001e-07,0.9750008583068848
66,3.3,7.377929687500001e-07,0.9999990463256836
67,3.35,7.919921875000001e-07,1.02500319480896
68,3.4,8.4912109375e-07,1.04999840259552
69,3.45,9.086914062500001e-07,1.0749995708465576
70,3.5,9.711914062500002e-07,1.0999977588653564
71,3.55,1.0361328125e-06,1.1250019073486328
72,3.6,1.1044921875e-06,1.1500000953674316
73,3.65,1.1752929687500001e-06,1.1750012636184692
74,3.7,1.2490234375000002e-06,1.199999451637268
75,3.75,1.3261718750000003e-06,1.2250006198883057
76,3.8,1.4067382812500002e-06,1.2499988079071045
77,3.85,1.4897460937500002e-06,1.274999976158142
78,3.9,1.5766601562500003e-06,1.299998164176941
79,3.95,1.6665039062500001e-06,1.3250023126602173
80,4.0,1.7597656250000002e-06,1.3500005006790161
81,4.05,1.8564453125000001e-06,1.374998688697815
82,4.1,1.95654296875e-06,1.4000028371810913
83,4.15,2.0605468750000003e-06,1.4249980449676514
84,4.2,2.16796875e-06,1.449999213218689
85,4.25,2.279296875e-06,1.4750003814697266
86,4.3,2.39404296875e-06,1.5000015497207642
87,4.35,2.5126953125e-06,1.5249967575073242
88,4.4,2.6352539062500004e-06,1.5500009059906006
89,4.45,2.7617187500000002e-06,1.5750020742416382
90,4.5,2.89208984375e-06,1.600000262260437
91,4.55,3.0268554687500003e-06,1.6249984502792358
92,4.6,3.1655273437500004e-06,1.6499996185302734
93,4.65,3.3085937500000004e-06,1.675000786781311
94,4.7,3.4555664062500004e-06,1.6999989748001099
95,4.75,3.6069335937500006e-06,1.7250001430511475
96,4.8,3.7626953125000005e-06,1.750001311302185
97,4.85,3.922851562500001e-06,1.7749994993209839
98,4.9,4.0878906250000005e-06,1.7999976873397827
99,4.95,4.256835937500001e-06,1.825001835823059
100,5.0,4.431152343750001e-06,1.850000023841858
101,5.05,4.609863281250001e-06,1.8750011920928955
102,5.1,4.792968750000001e-06,1.8999993801116943
103,5.15,4.980957031250001e-06,1.9249975681304932
104,5.2,5.17431640625e-06,1.9500046968460083
105,5.25,5.372070312500001e-06,1.9749969244003296
106,5.3,5.5751953125000005e-06,2.000001072883606
107,5.35,5.783203125000001e-06,2.024999260902405
108,5.4,5.996582031250001e-06,2.0500004291534424
109,5.45,6.214843750000001e-06,2.074998617172241
110,5.5,6.438476562500001e-06,2.1000027656555176
111,5.55,6.667480468750001e-06,2.1249979734420776
112,5.6,6.901855468750001e-06,2.1499991416931152
113,5.65,7.141601562500001e-06,2.1750032901763916
114,5.7,7.386718750000001e-06,2.199995517730713
115,5.75,7.637695312500002e-06,2.225002646446228
116,5.8,7.89404296875e-06,2.250000834465027
117,5.85,8.156250000000002e-06,2.2749990224838257
118,5.9,8.423828125000002e-06,2.3000001907348633
119,5.95,8.697753906250001e-06,2.324998378753662
120,6.0,8.977050781250001e-06,2.3500025272369385
121,6.05,9.2626953125e-06,2.3749977350234985
122,6.1,9.55419921875e-06,2.400001883506775
123,6.15,9.852050781250002e-06,2.424997091293335
124,6.2,1.0155273437500002e-05,2.45000422000885
125,6.25,1.0465332031250002e-05,2.4749964475631714
126,6.3,1.0781738281250002e-05,2.5000035762786865
127,6.35,1.1104003906250002e-05,2.524995803833008
128,6.4,1.1432617187500002e-05,2.550002932548523
129,6.45,1.1768066406250002e-05,2.574998140335083
130,6.5,1.2109863281250002e-05,2.6000022888183594
131,6.55,1.2458007812500001e-05,2.6249974966049194
132,6.6,1.2812988281250002e-05,2.650001645088196
133,6.65,1.3174804687500001e-05,2.6749998331069946
134,6.7,1.3542968750000002e-05,2.7000010013580322
135,6.75,1.3917968750000002e-05,2.7249962091445923
136,6.8,1.4300292968750002e-05,2.7500033378601074
137,6.85,1.4689453125000002e-05,2.7749985456466675
138,6.9,1.5085449218750001e-05,2.800002694129944
139,6.95,1.5488281250000003e-05,2.824997901916504
140,7.0,1.5898437500000003e-05,2.8499990701675415
141,7.05,1.6315917968750004e-05,2.875000238418579
142,7.1,1.674072265625e-05,2.9000014066696167
143,7.15,1.7172363281250003e-05,2.9249995946884155
144,7.2,1.7611816406250002e-05,2.950000762939453
145,7.25,1.805859375e-05,2.974998950958252
146,7.3,1.85126953125e-05,3.0000001192092896
147,7.35,1.8974609375000003e-05,3.0249983072280884
148,7.4,1.944384765625e-05,3.0500024557113647
149,7.45,1.9920898437500004e-05,3.074997663497925
150,7.5,2.040576171875e-05,3.100001811981201
151,7.55,2.0898925781250003e-05,3.125
152,7.6,2.1399414062500002e-05,3.1500011682510376
153,7.65,2.1907714843750002e-05,3.1749993562698364
154,7.7,2.2424316406250004e-05,3.1999975442886353
155,7.75,2.2948730468750003e-05,3.2250016927719116
156,7.8,2.3481445312500004e-05,3.2499998807907104
157,7.85,2.4022460937500003e-05,3.275001049041748
158,7.9,2.4571289062500003e-05,3.299999237060547
159,7.95,2.512890625e-05,3.3250004053115845
160,8.0,2.569482421875e-05,3.3499985933303833
161,8.05,2.6269042968750003e-05,3.374999761581421
162,8.1,2.6851562500000003e-05,3.4000009298324585
163,8.15,2.7442871093750005e-05,3.425002098083496
164,8.2,2.8042968750000002e-05,3.449997305870056
165,8.25,2.8651855468750004e-05,3.4750014543533325
166,8.3,2.9269042968750005e-05,3.4999996423721313
167,8.35,2.9895019531250004e-05,3.52499783039093
168,8.4,3.0530273437500006e-05,3.5500019788742065
169,8.45,3.1174316406250006e-05,3.5750001668930054
170,8.5,3.18271484375e-05,3.600001335144043
171,8.55,3.248925781250001e-05,3.624996542930603
172,8.6,3.316064453125e-05,3.650003671646118
173,8.65,3.38408203125e-05,3.6749958992004395
174,8.7,3.45302734375e-05,3.7000030279159546
175,8.75,3.52294921875e-05,3.7249982357025146
176,8.8,3.593798828125001e-05,3.750002384185791
177,8.85,3.6655273437500006e-05,3.774997591972351
178,8.9,3.73828125e-05,3.8000017404556274
179,8.95,3.8119628906250007e-05,3.8249999284744263
180,9.0,3.886621093750001e-05,3.849998116493225
181,9.05,3.9622070312500005e-05,3.8750022649765015
182,9.1,4.0388183593750005e-05,3.8999974727630615
183,9.15,4.116357421875e-05,3.925001621246338
184,9.2,4.194921875000001e-05,3.9500027894973755
185,9.25,4.2744628906250004e-05,3.9749950170516968
186,9.3,4.355029296875e-05,4.000002145767212
187,9.35,4.4365722656250005e-05,4.025000333786011
188,9.4,4.5191406250000005e-05,4.04999852180481
189,9.45,4.602734375000001e-05,4.075002670288086
190,9.5,4.6873535156250006e-05,4.099997878074646
191,9.55,4.772998046875e-05,4.124999046325684
192,9.6,4.859667968750001e-05,4.15000319480896
193,9.65,4.9474121093750005e-05,4.17499840259552
194,9.7,5.0361816406250005e-05,4.199999570846558
195,9.75,5.126025390625001e-05,4.2249977588653564
196,9.8,5.21689453125e-05,4.250004887580872
197,9.85,5.308886718750001e-05,4.274997115135193
198,9.9,5.4019042968750003e-05,4.300001263618469
199,9.95,5.495996093750001e-05,4.324999451637268
200,10.0,5.5912109375000006e-05,4.349997639656067
201,10.05,5.687548828125001e-05,4.375004768371582
202,10.1,5.7849121093750005e-05,4.399996995925903
203,10.15,5.883447265625001e-05,4.42500114440918
204,10.2,5.983056640625001e-05,4.4499993324279785
205,10.25,6.0837890625000006e-05,4.475000500679016
206,10.3,6.185644531250001e-05,4.499998688697815
207,10.35,6.288623046875001e-05,4.5249998569488525
208,10.4,6.3927734375e-05,4.55000102519989
209,10.45,6.498046875e-05,4.574999213218689
210,10.5,6.604492187500001e-05,4.600000381469727
211,10.55,6.712060546875001e-05,4.625001549720764
212,10.6,6.82080078125e-05,4.649999737739563
213,10.65,6.930712890625e-05,4.674997925758362
214,10.7,7.041796875e-05,4.700002074241638
215,10.75,7.154052734375e-05,4.701817035675049
216,10.8,7.267480468750001e-05,4.703634977340698
217,10.85,7.382128906250001e-05,4.705449938774109
218,10.9,7.497900390625001e-05,4.707273840904236
219,10.95,7.614892578125e-05,4.709085822105408
220,11.0,7.7330078125e-05,4.710906744003296
221,11.05,7.852343750000001e-05,4.712718725204468
222,11.1,7.9728515625e-05,4.714542627334595
223,11.15,8.09453125e-05,4.693177342414856
224,11.2,8.217382812500001e-05,4.67180609703064
225,11.25,8.34140625e-05,4.650446772575378
226,11.3,8.466552734375001e-05,4.62908148765564
227,11.35,8.592871093750001e-05,4.607713222503662
228,11.4,8.720312500000001e-05,4.586350917816162
229,11.45,8.848925781250001e-05,4.564982652664185
230,11.5,8.978662109375001e-05,4.543623328208923
231,11.55,9.109570312500002e-05,4.522252082824707
232,11.6,9.241552734375001e-05,4.500892758369446
233,11.65,9.374658203125001e-05,4.479524493217468
234,11.7,9.508886718750001e-05,4.4581592082977295
235,11.75,9.644238281250001e-05,4.4367969036102295
236,11.8,9.7806640625e-05,4.415431618690491
237,11.85,9.918212890625001e-05,4.394063353538513
238,11.9,0.00010056835937500002,4.372701048851013
239,11.95,0.0001019658203125,4.351332783699036
240,12.0,0.00010337402343750002,4.329973459243774
241,12.05,0.00010479248046875001,4.308605194091797
242,12.1,0.00010622216796875001,4.287239909172058
243,12.15,0.00010766259765625001,4.265874624252319
244,12.2,0.00010911328125000001,4.244509339332581
245,12.25,0.00011057470703125001,4.223147034645081
246,12.3,0.00011204638671875002,4.201781749725342
247,12.35,0.00011352880859375001,4.180413484573364
248,12.4,0.00011502148437500001,4.1590481996536255
249,12.45,0.00011652490234375001,4.137688875198364
250,12.5,0.00011803808593750002,4.116320610046387
251,12.55,0.00011956152343750001,4.094952344894409
252,12.6,0.00012109521484375001,4.073593020439148
253,12.65,0.00012263916015625,4.05222475528717
254,12.7,0.000124193359375,4.03086245059967
255,12.75,0.00012575732421875001,4.009494185447693
256,12.8,0.00012733154296875002,3.988131880760193
257,12.85,0.00012891552734375,3.9667636156082153
258,12.9,0.00013050927734375002,3.9454013109207153
259,12.95,0.00013211279296875003,3.9240360260009766
260,13.0,0.00013372607421875002,3.902667760848999
261,13.05,0.00013534912109375,3.881308436393738
262,13.1,0.00013698193359375002,3.8599401712417603
263,13.15,0.00013862402343750002,3.8385748863220215
264,13.2,0.00014027587890625,3.8172125816345215
265,13.25,0.00014193701171875001,3.795844316482544
266,13.3,0.00014360791015625,3.774482011795044
267,13.35,0.00014528808593750002,3.7531137466430664
268,13.4,0.00014697753906250003,3.7317514419555664
269,13.45,0.00014867626953125,3.7103861570358276
270,13.5,0.00015038427734375,3.689020872116089
271,13.55,0.00015210156250000003,3.66765558719635
272,13.6,0.00015382763671875,3.6462903022766113
273,13.65,0.00015556298828125,3.6249250173568726
274,13.7,0.00015730712890625002,3.6035627126693726
275,13.75,0.00015906054687500002,3.582194447517395
276,13.8,0.00016082275390625,3.560832142829895
277,13.85,0.00016259375000000003,3.5394668579101562
278,13.9,0.00016437353515625,3.5180985927581787
279,13.95,0.00016616210937500002,3.4967362880706787
280,14.0,0.00016795947265625002,3.47537100315094
281,14.05,0.00016976513671875,3.454005718231201
282,14.1,0.00017157958984375003,3.432643413543701
283,14.15,0.00017340283203125001,3.411272168159485
284,14.2,0.00017523437500000002,3.3899128437042236
285,14.25,0.00017707421875,3.368544578552246
286,14.3,0.00017892236328125003,3.347182273864746
287,14.35,0.00018077929687500003,3.3258169889450073
288,14.4,0.00018264404296875,3.3044517040252686
289,14.45,0.00018451708984375002,3.283083438873291
290,14.5,0.00018639794921875003,3.261721134185791
291,14.55,0.00018828759765625002,3.240358829498291
292,14.6,0.00019018457031250003,3.2189905643463135
293,14.65,0.00019209033203125003,3.1976252794265747
294,14.7,0.00019400341796875002,3.176259994506836
295,14.75,0.00019592480468750003,3.154897689819336
296,14.8,0.00019785351562500003,3.1335294246673584
297,14.85,0.00019979052734375003,3.1121671199798584
298,14.9,0.00020173486328125002,3.0908018350601196
299,14.95,0.00020368701171875002,3.069436550140381
300,15.0,0.00020564697265625003,3.0480682849884033
301,15.05,0.00020761425781250004,3.026708960533142
302,15.1,0.00020958935546875002,3.0053406953811646
303,15.15,0.00021157177734375002,2.983975410461426
304,15.2,0.00021356152343750002,2.962613105773926
305,15.25,0.00021555859375000004,2.9412448406219482
306,15.3,0.00021756298828125002,2.9198825359344482
307,15.35,0.00021957470703125003,2.8985142707824707
308,15.4,0.00022159326171875002,2.8771549463272095
309,15.45,0.00022361914062500002,2.855783700942993
310,15.5,0.00022565234375000002,2.834421396255493
311,15.55,0.00022769238281250003,2.8130561113357544
312,15.6,0.00022973974609375003,2.7916938066482544
313,15.65,0.00023179345703125003,2.770322561264038
314,15.7,0.00023385449218750004,2.748963236808777
315,15.75,0.00023592236328125003,2.727597951889038
316,15.8,0.00023799658203125002,2.7062296867370605
317,15.85,0.00024007763671875002,2.6848673820495605
318,15.9,0.00024216552734375002,2.663499116897583
319,15.95,0.00024426025390625,2.6421397924423218
320,16.0,0.00024636132812500005,2.6207685470581055
321,16.05,0.00024846875000000005,2.5994092226028442
322,16.1,0.00025058251953125,2.5780409574508667
323,16.15,0.00025270312500000005,2.556675672531128
324,16.2,0.00025482958984375005,2.535310387611389
325,16.25,0.00025696240234375,2.513948082923889
326,16.3,0.00025910156250000005,2.4925827980041504
327,16.35,0.0002612470703125,2.471214532852173
328,16.4,0.0002633984375,2.449852228164673
329,16.45,0.00026555615234375005,2.428486943244934
330,16.5,0.0002677197265625,2.4071216583251953
331,16.55,0.00026988916015625,2.3857563734054565
332,16.6,0.000272064453125,2.3643940687179565
333,16.65,0.00027424609375,2.3430228233337402
334,16.7,0.00027643310546875,2.321663498878479
335,16.75,0.00027862597656250004,2.3002982139587402
336,16.8,0.00028082470703125005,2.2789299488067627
337,16.85,0.00028302880859375,2.2575676441192627
338,16.9,0.00028523876953125,2.236202359199524
339,16.95,0.00028745410156250003,2.2148340940475464
340,17.0,0.00028967480468750003,2.193474769592285
341,17.05,0.00029190087890625,2.1721065044403076
342,17.1,0.0002941328125,2.15073823928833
343,17.15,0.00029636962890625004,2.1293818950653076
344,17.2,0.00029861181640625,2.1080076694488525
345,17.25,0.000300859375,2.0866483449935913
346,17.3,0.00030311181640625,2.0652830600738525
347,17.35,0.00030536962890625004,2.043914794921875
348,17.4,0.00030763232421875006,2.0225554704666138
349,17.45,0.00030989990234375005,2.0011842250823975
350,17.5,0.00031217285156250003,1.9798219203948975
351,17.55,0.00031445019531250003,1.9584566354751587
352,17.6,0.00031673291015625,1.9370943307876587
353,17.65,0.00031902001953125004,1.9157230854034424
354,17.7,0.00032131201171875,1.8943637609481812
355,17.75,0.00032360888671875004,1.8729984760284424
356,17.8,0.00032591015625000003,1.8516302108764648
357,17.85,0.00032821582031250003,1.8302679061889648
358,17.9,0.00033052636718750006,1.808902621269226
359,17.95,0.00033284130859375006,1.7875373363494873
360,18.0,0.00033516064453125,1.7661720514297485
361,18.05,0.00033748388671875004,1.7448067665100098
362,18.1,0.00033981201171875004,1.723441481590271
363,18.15,0.00034214404296875004,1.7020761966705322
364,18.2,0.00034448046875000006,1.6807138919830322
365,18.25,0.00034682128906250004,1.6593456268310547
366,18.3,0.00034916601562500003,1.6379833221435547
367,18.35,0.0003515146484375,1.616618037223816
368,18.4,0.0003538671875,1.5952527523040771
369,18.45,0.00035622363281250007,1.5738844871520996
370,18.5,0.00035858447265625003,1.5525251626968384
371,18.55,0.00036094873046875004,1.531153917312622
372,18.6,0.00036331689453125005,1.5097945928573608
373,18.65,0.00036568847656250005,1.488429307937622
374,18.7,0.00036806396484375005,1.4670580625534058
375,18.75,0.00037044287109375004,1.4456987380981445
376,18.8,0.00037282568359375004,1.4243334531784058
377,18.85,0.00037521191406250003,1.402968168258667
378,18.9,0.00037760156250000006,1.3815999031066895
379,18.95,0.00037999462890625003,1.3602375984191895
380,19.0,0.00038239111328125004,1.3388752937316895
381,19.05,0.00038479052734375003,1.3175040483474731
382,19.1,0.00038719335937500006,1.296144723892212
383,19.15,0.000389599609375,1.2747764587402344
384,19.2,0.0003920087890625,1.2534111738204956
385,19.25,0.00039442089843750005,1.2320488691329956
386,19.3,0.00039683642578125007,1.2106835842132568
387,19.35,0.00039925488281250006,1.1893153190612793
388,19.4,0.00040167578125000007,1.167955994606018
389,19.45,0.00040410009765625007,1.1465847492218018
390,19.5,0.00040652685546875003,1.1252224445343018
391,19.55,0.00040895654296875007,1.103857159614563
392,19.6,0.00041138916015625004,1.0824918746948242
393,19.65,0.0004138242187500001,1.0611295700073242
394,19.7,0.0004162617187500001,1.0397613048553467
395,19.75,0.00041870166015625003,1.018396019935608
396,19.8,0.00042114453125,0.9970337152481079
397,19.85,0.00042358935546875007,0.9756684303283691
398,19.9,0.00042603710937500004,0.9543031454086304
399,19.95,0.00042848681640625006,0.9329378604888916
400,20.0,0.00043093896484375005,0.9115725755691528
401,20.05,0.00043339306640625004,0.8902072906494141
402,20.1,0.00043584960937500004,0.8688449859619141
403,20.15,0.00043830859375000006,0.8474737405776978
404,20.2,0.00044076904296875007,0.8261144161224365
405,20.25,0.00044323193359375004,0.8047491312026978
406,20.3,0.00044569628906250005,0.783383846282959
407,20.35,0.0004481630859375001,0.7620155811309814
408,20.4,0.00045063134765625004,0.7406502962112427
409,20.45,0.00045310156250000005,0.7192909717559814
410,20.5,0.00045557324218750006,0.6979227066040039
411,20.55,0.00045804687500000007,0.6765574216842651
412,20.6,0.0004605224609375001,0.6551951169967651
413,20.65,0.00046299902343750006,0.6338238716125488
414,20.7,0.00046547753906250004,0.6124645471572876
415,20.75,0.00046795751953125007,0.5910992622375488
416,20.8,0.00047043896484375003,0.5697309970855713
417,20.85,0.0004729213867187501,0.5483686923980713
418,20.9,0.00047540527343750005,0.5270034074783325
419,20.95,0.00047789062500000007,0.5056381225585938
420,21.0,0.00048037695312500006,0.484272837638855
421,21.05,0.00048286474609375004,0.4629075527191162
422,21.1,0.00048535351562500005,0.44154226779937744
423,21.15,0.00048784326171875004,0.40767788887023926
424,21.2,0.000490333984375,0.3738135099411011
425,21.25,0.0004928251953125,0.3399491310119629
426,21.3,0.0004953178710937501,0.30608177185058594
427,21.35,0.000497810546875,0.2722203731536865
428,21.4,0.00050030419921875,0.2383500337600708
429,21.45,0.0005027983398437501,0.20449161529541016
430,21.5,0.0005052929687500001,0.17062127590179443
431,21.55,0.00050778759765625,0.12425780296325684
432,21.6,0.0005102827148437501,0.07789134979248047
433,21.65,0.0005127778320312501,0.03153085708618164
434,21.7,0.00051527294921875,-0.014838576316833496
435,21.75,0.000517767578125,-0.061199069023132324
436,21.8,0.0005202622070312501,-0.10756850242614746
437,21.85,0.00052275634765625,-0.15393197536468506
438,21.9,0.0005252504882812501,-0.20029842853546143
439,21.95,0.0005277431640625,-0.23768246173858643
440,22.0,0.0005302358398437501,-0.27507543563842773
441,22.05,0.0005327275390625,-0.3124654293060303
442,22.1,0.00053521826171875,-0.3498494625091553
443,22.15,0.0005377080078125,-0.3872394561767578
444,22.2,0.0005401967773437501,-0.42462944984436035
445,22.25,0.0005426845703125001,-0.4620164632797241
446,22.3,0.0005451708984375001,-0.49940943717956543
447,22.35,0.0005476557617187501,-0.5244791507720947
448,22.4,0.0005501396484375,-0.5495548248291016
449,22.45,0.0005526220703125001,-0.5746275186538696
450,22.5,0.0005551025390625001,-0.5997061729431152
451,22.55,0.00055758203125,-0.6247758865356445
452,22.6,0.0005600595703125,-0.6498515605926514
453,22.65,0.0005625351562500001,-0.6749272346496582
454,22.7,0.0005650092773437501,-0.6999969482421875
455,22.75,0.00056748193359375,-0.7250040769577026
456,22.8,0.0005699521484375001,-0.7499963045120239
457,22.85,0.0005724208984375001,-0.7750034332275391
458,22.9,0.00057488720703125,-0.7999986410140991
459,22.95,0.0005773515625000001,-0.8249998092651367
460,23.0,0.00057981396484375,-0.8499979972839355
461,23.05,0.0005822739257812501,-0.8750021457672119
462,23.1,0.0005847319335937501,-0.9000003337860107
463,23.15,0.0005871875,-0.9249985218048096
464,23.2,0.0005896406250000001,-0.9500026702880859
465,23.25,0.00059209130859375,-0.974997878074646
466,23.3,0.0005945395507812501,-0.9999990463256836
467,23.35,0.0005969853515625001,-1.02500319480896
468,23.4,0.00059942822265625,-1.0499954223632812
469,23.45,0.0006018686523437501,-1.0750025510787964
470,23.5,0.0006043066406250001,-1.1000007390975952
471,23.55,0.0006067412109375,-1.124998927116394
472,23.6,0.0006091733398437501,-1.1500000953674316
473,23.65,0.00061160205078125,-1.1750012636184692
474,23.7,0.0006140283203125,-1.199999451637268
475,23.75,0.0006164511718750001,-1.224997639656067
476,23.8,0.0006188710937500001,-1.2500017881393433
477,23.85,0.0006212875976562501,-1.274999976158142
478,23.9,0.0006237011718750001,-1.3000011444091797
479,23.95,0.00062611083984375,-1.3249993324279785
480,24.0,0.0006285175781250001,-1.3500005006790161
481,24.05,0.0006309208984375,-1.374998688697815
482,24.1,0.00063332080078125,-1.3999998569488525
483,24.15,0.000635716796875,-1.4250010251998901
484,24.2,0.0006381093750000001,-1.449999213218689
485,24.25,0.00064049853515625,-1.4750003814697266
486,24.3,0.0006428833007812501,-1.5000015497207642
487,24.35,0.0006452646484375001,-1.5249967575073242
488,24.4,0.0006476420898437501,-1.5500038862228394
489,24.45,0.0006500156250000001,-1.5749961137771606
490,24.5,0.0006523852539062501,-1.6000032424926758
491,24.55,0.0006547504882812501,-1.6249984502792358
492,24.6,0.00065711181640625,-1.6499996185302734
493,24.65,0.0006594692382812501,-1.675000786781311
494,24.7,0.0006618217773437501,-1.6999989748001099
495,24.75,0.0006641704101562501,-1.7250031232833862
496,24.8,0.0006665146484375001,-1.7499953508377075
497,24.85,0.0006688544921875,-1.7750024795532227
498,24.9,0.0006711894531250001,-1.8000006675720215
499,24.95,0.0006735205078125001,-1.8249988555908203
500,25.0,0.00067584619140625,-1.850000023841858
501,25.05,0.0006781679687500001,-1.8750011920928955
502,25.1,0.0006804843750000001,-1.8999963998794556
503,25.15,0.0006827963867187501,-1.9250035285949707
504,25.2,0.00068510302734375,-1.9499987363815308
505,25.25,0.0006874052734375001,-1.9750028848648071
506,25.3,0.0006897021484375001,-1.9999951124191284
507,25.35,0.0006919941406250001,-2.0250022411346436
508,25.4,0.0006942807617187501,-2.0500004291534424
509,25.45,0.0006965625000000001,-2.07500159740448
510,25.5,0.0006988388671875001,-2.09999680519104
511,25.55,0.0007011098632812501,-2.1250009536743164
512,25.6,0.0007033754882812501,-2.150002121925354
513,25.65,0.0007056357421875001,-2.174997329711914
514,25.7,0.0007078906250000001,-2.2000014781951904
515,25.75,0.0007101396484375001,-2.2249996662139893
516,25.8,0.0007123833007812501,-2.249997854232788
517,25.85,0.0007146210937500001,-2.2750020027160645
518,25.9,0.0007168535156250001,-2.3000001907348633
519,25.95,0.0007190795898437501,-2.325001358985901
520,26.0,0.0007213002929687501,-2.349996566772461
521,26.05,0.0007235146484375001,-2.375003695487976
522,26.1,0.0007257231445312501,-2.399998903274536
523,26.15,0.0007279257812500001,-2.424997091293335
524,26.2,0.0007301220703125001,-2.45000422000885
525,26.25,0.00073231201171875,-2.4749964475631714
526,26.3,0.0007344960937500001,-2.5000005960464478
527,26.35,0.0007366733398437501,-2.5250017642974854
528,26.4,0.0007388447265625,-2.549999952316284
529,26.45,0.0007410092773437501,-2.574998140335083
530,26.5,0.00074316748046875,-2.5999993085861206
531,26.55,0.0007453193359375001,-2.625003457069397
532,26.6,0.0007474643554687501,-2.649998664855957
533,26.65,0.00074960302734375,-2.6749998331069946
534,26.7,0.0007517343750000001,-2.6999980211257935
535,26.75,0.0007538593750000001,-2.72500216960907
536,26.8,0.0007559770507812501,-2.7500003576278687
537,26.85,0.0007580883789062501,-2.7749985456466675
538,26.9,0.0007601923828125,-2.799999713897705
539,26.95,0.0007622890625000001,-2.8250008821487427
540,27.0,0.0007643789062500001,-2.8500020503997803
541,27.05,0.0007664614257812501,-2.8749972581863403
542,27.1,0.0007685371093750001,-2.9000014066696167
543,27.15,0.0007706049804687501,-2.9249966144561768
544,27.2,0.0007726655273437501,-2.950003743171692
545,27.25,0.0007747187500000001,-2.974998950958252
546,27.3,0.0007767646484375001,-3.0000001192092896
547,27.35,0.0007788027343750001,-3.025001287460327
548,27.4,0.00078083349609375,-3.049996495246887
549,27.45,0.0007828564453125,-3.0750036239624023
550,27.5,0.00078487158203125,-3.0999988317489624
551,27.55,0.0007868789062500001,-3.125
552,27.6,0.0007888784179687501,-3.149998188018799
553,27.65,0.0007908696289062501,-3.175002336502075
554,27.7,0.0007928530273437501,-3.200000524520874
555,27.75,0.0007948286132812501,-3.224998712539673
556,27.8,0.0007967958984375001,-3.2499998807907104
557,27.85,0.0007987548828125001,-3.275001049041748
558,27.9,0.0008007060546875001,-3.299999237060547
559,27.95,0.0008026484375000001,-3.3249974250793457
560,28.0,0.0008045825195312501,-3.350004553794861
561,28.05,0.0008065083007812501,-3.374996781349182
562,28.1,0.0008084257812500001,-3.4000009298324585
563,28.15,0.0008103344726562501,-3.4249991178512573
564,28.2,0.0008122343750000001,-3.450000286102295
565,28.25,0.0008141259765625001,-3.4750014543533325
566,28.3,0.0008160083007812501,-3.4999996423721313
567,28.35,0.0008178823242187501,-3.525000810623169
568,28.4,0.0008197470703125001,-3.5499989986419678
569,28.45,0.00082160302734375,-3.5750001668930054
570,28.5,0.0008234501953125001,-3.599998354911804
571,28.55,0.0008252880859375001,-3.6250025033950806
572,28.6,0.0008271166992187501,-3.6499977111816406
573,28.65,0.0008289365234375001,-3.675001859664917
574,28.7,0.0008307470703125001,-3.700000047683716
575,28.75,0.0008325478515625001,-3.7249982357025146
576,28.8,0.0008343398437500001,-3.750002384185791
577,28.85,0.0008361220703125001,-3.774997591972351
578,28.9,0.0008378945312500001,-3.8000017404556274
579,28.95,0.0008396577148437501,-3.8249969482421875
580,29.0,0.0008414116210937501,-3.8500040769577026
581,29.05,0.0008431552734375001,-3.874996304512024
582,29.1,0.0008448896484375001,-3.900003433227539
583,29.15,0.0008466137695312501,-3.924998641014099
584,29.2,0.0008483281250000001,-3.9499998092651367
585,29.25,0.0008500327148437501,-3.9749979972839355
586,29.3,0.0008517270507812501,-4.000002145767212
587,29.35,0.0008534116210937501,-4.025000333786011
588,29.4,0.0008550859375,-4.050001502037048
589,29.45,0.0008567500000000001,-4.074996709823608
590,29.5,0.0008584038085937501,-4.100000858306885
591,29.55,0.0008600473632812501,-4.125002026557922
592,29.6,0.0008616806640625001,-4.149997234344482
593,29.65,0.0008633032226562502,-4.175001382827759
594,29.7,0.0008649155273437501,-4.199999570846558
595,29.75,0.0008665175781250002,-4.225000739097595
596,29.8,0.0008681083984375001,-4.249998927116394
597,29.85,0.0008696889648437501,-4.275000095367432
598,29.9,0.0008712583007812501,-4.300001263618469
599,29.95,0.0008728173828125001,-4.324999451637268
600,30.0,0.0008743652343750001,-4.350000619888306
601,30.05,0.00087590234375,-4.3749988079071045
602,30.1,0.0008774282226562501,-4.400002956390381
603,30.15,0.0008789433593750001,-4.424998164176941
604,30.2,0.0008804467773437501,-4.4499993324279785
605,30.25,0.0008819394531250001,-4.474997520446777
606,30.3,0.0008834208984375001,-4.5000046491622925
607,30.35,0.0008848911132812501,-4.524996876716614
608,30.4,0.0008863496093750001,-4.55000102519989
609,30.45,0.0008877968750000001,-4.574999213218689
610,30.5,0.0008892329101562501,-4.600000381469727
611,30.55,0.0008906567382812501,-4.625001549720764
612,30.6,0.0008920693359375001,-4.649996757507324
613,30.65,0.0008934702148437502,-4.675003886222839
614,30.7,0.0008948593750000001,-4.699996113777161
615,30.75,0.0008962368164062501,-4.701820015907288
616,30.8,0.0008976025390625001,-4.703634977340698
617,30.85,0.0008989560546875001,-4.705452919006348
618,30.9,0.0009002983398437502,-4.707270860671997
619,30.95,0.0009016284179687501,-4.709085822105408
620,31.0,0.0009029472656250002,-4.710903763771057
621,31.05,0.0009042539062500001,-4.712724685668945
622,31.1,0.0009055488281250002,-4.714539647102356
623,31.15,0.0009068320312500001,-4.693174362182617
624,31.2,0.0009081035156250001,-4.671812057495117
625,31.25,0.0009093637695312501,-4.65044379234314
626,31.3,0.0009106118164062501,-4.629078507423401
627,31.35,0.0009118486328125001,-4.607716202735901
628,31.4,0.0009130742187500001,-4.586350917816162
629,31.45,0.0009142880859375001,-4.564985632896423
630,31.5,0.0009154907226562501,-4.543617367744446
631,31.55,0.0009166821289062501,-4.522258043289185
632,31.6,0.0009178618164062501,-4.500889778137207
633,31.65,0.0009190307617187501,-4.479524493217468
634,31.7,0.0009201884765625001,-4.4581592082977295
635,31.75,0.0009213349609375001,-4.4367969036102295
636,31.8,0.0009224707031250001,-4.415428638458252
637,31.85,0.0009235952148437501,-4.394066333770752
638,31.9,0.0009247089843750001,-4.372701048851013
639,31.95,0.0009258115234375001,-4.351335763931274
640,32.0,0.0009269038085937501,-4.329967498779297
641,32.05,0.0009279848632812501,-4.308608174324036
642,32.1,0.0009290551757812502,-4.287239909172058
643,32.15,0.0009301152343750001,-4.265874624252319
644,32.2,0.0009311640625000001,-4.244509339332581
645,32.25,0.0009322026367187501,-4.223147034645081
646,32.3,0.0009332309570312501,-4.201781749725342
647,32.35,0.0009342485351562501,-4.180413484573364
648,32.4,0.0009352558593750002,-4.159051179885864
649,32.45,0.0009362529296875001,-4.1376858949661255
650,32.5,0.0009372392578125001,-4.116317629814148
651,32.55,0.0009382158203125001,-4.094958305358887
652,32.6,0.0009391821289062501,-4.073590040206909
653,32.65,0.0009401381835937501,-4.05222475528717
654,32.7,0.0009410839843750001,-4.030859470367432
655,32.75,0.0009420200195312501,-4.009497165679932
656,32.8,0.0009429462890625001,-3.988131880760193
657,32.85,0.0009438623046875001,-3.9667636156082153
658,32.9,0.0009447685546875002,-3.9454013109207153
659,32.95,0.0009456645507812501,-3.9240360260009766
660,33.0,0.0009465512695312501,-3.902667760848999
661,33.05,0.0009474282226562502,-3.881308436393738
662,33.1,0.0009482958984375001,-3.8599401712417603
663,33.15,0.0009491533203125002,-3.8385748863220215
664,33.2,0.0009500014648437501,-3.8172125816345215
665,33.25,0.0009508403320312501,-3.795844316482544
666,33.3,0.0009516694335937501,-3.774479031562805
667,33.35,0.0009524892578125001,-3.753116726875305
668,33.4,0.0009532998046875001,-3.7317514419555664
669,33.45,0.0009541010742187501,-3.7103861570358276
670,33.5,0.0009548930664062501,-3.689020872116089
671,33.55,0.0009556762695312501,-3.667658567428589
672,33.6,0.0009564497070312501,-3.6462873220443726
673,33.65,0.0009572143554687501,-3.6249250173568726
674,33.7,0.0009579702148437501,-3.6035627126693726
675,33.75,0.0009587167968750001,-3.582197427749634
676,33.8,0.0009594545898437501,-3.5608261823654175
677,33.85,0.0009601835937500001,-3.539469838142395
678,33.9,0.0009609038085937502,-3.5180985927581787
679,33.95,0.0009616152343750001,-3.4967362880706787
680,34.0,0.0009623178710937502,-3.47537100315094
681,34.05,0.0009630122070312501,-3.45400869846344
682,34.1,0.0009636977539062502,-3.4326374530792236
683,34.15,0.0009643745117187501,-3.4112781286239624
684,34.2,0.0009650429687500001,-3.389909863471985
685,34.25,0.0009657031250000001,-3.368544578552246
686,34.3,0.0009663549804687501,-3.347182273864746
687,34.35,0.0009669985351562501,-3.3258169889450073
688,34.4,0.0009676333007812501,-3.3044517040252686
689,34.45,0.0009682602539062501,-3.283083438873291
690,34.5,0.0009688793945312501,-3.261721134185791
691,34.55,0.0009694897460937501,-3.240358829498291
692,34.6,0.0009700927734375001,-3.2189875841140747
693,34.65,0.0009706875000000001,-3.1976282596588135
694,34.7,0.0009712739257812501,-3.1762629747390747
695,34.75,0.0009718530273437502,-3.1548917293548584
696,34.8,0.0009724238281250001,-3.133535385131836
697,34.85,0.0009729868164062501,-3.1121641397476196
698,34.9,0.0009735424804687502,-3.0908018350601196
699,34.95,0.0009740903320312501,-3.069433569908142
700,35.0,0.0009746303710937501,-3.048074245452881
701,35.05,0.0009751630859375001,-3.0267059803009033
702,35.1,0.0009756879882812501,-3.0053406953811646
703,35.15,0.0009762060546875002,-2.983975410461426
704,35.2,0.00097671630859375,-2.962613105773926
705,35.25,0.00097721923828125,-2.9412448406219482
706,35.3,0.0009777148437500002,-2.9198795557022095
707,35.35,0.0009782031250000001,-2.8985202312469482
708,35.4,0.0009786840820312501,-2.877148985862732
709,35.45,0.000979158203125,-2.855786681175232
710,35.5,0.000979625,-2.834421396255493
711,35.55,0.0009800849609375001,-2.813059091567993
712,35.6,0.0009805380859375002,-2.791687846183777
713,35.65,0.00098098388671875,-2.7703285217285156
714,35.7,0.0009814228515625,-2.748960256576538
715,35.75,0.0009818554687500002,-2.7275949716567993
716,35.8,0.00098228076171875,-2.706235647201538
717,35.85,0.00098269970703125,-2.684861421585083
718,35.9,0.0009831118164062502,-2.6635050773620605
719,35.95,0.0009835170898437502,-2.642136812210083
720,36.0,0.00098391650390625,-2.6207685470581055
721,36.05,0.00098430859375,-2.5994092226028442
722,36.1,0.00098469482421875,-2.5780409574508667
723,36.15,0.00098507470703125,-2.556675672531128
724,36.2,0.0009854477539062501,-2.535310387611389
725,36.25,0.00098581494140625,-2.513948082923889
726,36.3,0.0009861757812500002,-2.4925827980041504
727,36.35,0.0009865302734375,-2.471214532852173
728,36.4,0.00098687890625,-2.449852228164673
729,36.45,0.0009872211914062502,-2.428486943244934
730,36.5,0.0009875576171875001,-2.4071216583251953
731,36.55,0.0009878881835937501,-2.3857593536376953
732,36.6,0.0009882128906250002,-2.364388108253479
733,36.65,0.00098853125,-2.3430287837982178
734,36.7,0.0009888442382812502,-2.3216605186462402
735,36.75,0.0009891513671875002,-2.3002952337265015
736,36.8,0.000989453125,-2.2789329290390015
737,36.85,0.0009897485351562502,-2.2575676441192627
738,36.9,0.0009900390625,-2.236202359199524
739,36.95,0.0009903237304687501,-2.2148340940475464
740,37.0,0.0009906025390625,-2.193474769592285
741,37.05,0.0009908764648437502,-2.172103524208069
742,37.1,0.00099114501953125,-2.1507441997528076
743,37.15,0.00099140771484375,-2.12937593460083
744,37.2,0.0009916655273437501,-2.10801362991333
745,37.25,0.0009919184570312501,-2.0866453647613525
746,37.3,0.0009921655273437502,-2.0652800798416138
747,37.35,0.0009924077148437502,-2.0439207553863525
748,37.4,0.0009926450195312502,-2.0225495100021362
749,37.45,0.0009928774414062502,-2.0011872053146362
750,37.5,0.0009931044921875,-1.9798219203948975
751,37.55,0.0009933271484375002,-1.9584596157073975
752,37.6,0.0009935444335937502,-1.9370883703231812
753,37.65,0.0009937573242187502,-1.91572904586792
754,37.7,0.00099396533203125,-1.8943607807159424
755,37.75,0.0009941689453125,-1.8729984760284424
756,37.8,0.0009943671875,-1.8516302108764648
757,37.85,0.0009945615234375,-1.8302679061889648
758,37.9,0.0009947509765625001,-1.808902621269226
759,37.95,0.0009949365234375,-1.7875373363494873
760,38.0,0.0009951171875000001,-1.7661690711975098
761,38.05,0.00099529345703125,-1.7448097467422485
762,38.1,0.0009954653320312502,-1.7234444618225098
763,38.15,0.00099563330078125,-1.7020732164382935
764,38.2,0.0009957968750000002,-1.6807138919830322
765,38.25,0.0009959560546875,-1.6593456268310547
766,38.3,0.0009961118164062502,-1.6379833221435547
767,38.35,0.00099626318359375,-1.616618037223816
768,38.4,0.00099641015625,-1.5952527523040771
769,38.45,0.0009965537109375001,-1.5738844871520996
770,38.5,0.0009966933593750001,-1.5525221824645996
771,38.55,0.0009968286132812502,-1.5311598777770996
772,38.6,0.0009969609375,-1.509791612625122
773,38.65,0.0009970888671875001,-1.4884263277053833
774,38.7,0.0009972133789062502,-1.4670610427856445
775,38.75,0.0009973344726562502,-1.4457017183303833
776,38.8,0.00099745166015625,-1.4243274927139282
777,38.85,0.0009975654296875002,-1.4029711484909058
778,38.9,0.0009976757812500002,-1.3815999031066895
779,38.95,0.0009977827148437502,-1.3602375984191895
780,39.0,0.0009978867187500002,-1.3388752937316895
781,39.05,0.00099798681640625,-1.3175040483474731
782,39.1,0.0009980839843750002,-1.296144723892212
783,39.15,0.000998177734375,-1.2747764587402344
784,39.2,0.0009982685546875002,-1.2534111738204956
785,39.25,0.0009983564453125001,-1.2320488691329956
786,39.3,0.00099844091796875,-1.2106835842132568
787,39.35,0.0009985229492187502,-1.1893153190612793
788,39.4,0.0009986015625000001,-1.1679530143737793
789,39.45,0.00099867724609375,-1.1465877294540405
790,39.5,0.0009987504882812501,-1.1252224445343018
791,39.55,0.0009988208007812502,-1.1038601398468018
792,39.6,0.0009988886718750002,-1.0824888944625854
793,39.65,0.0009989536132812501,-1.0611295700073242
794,39.7,0.0009990156250000001,-1.0397613048553467
795,39.75,0.00099907568359375,-1.0183990001678467
796,39.8,0.0009991328125,-0.9970307350158691
797,39.85,0.0009991879882812501,-0.9756684303283691
798,39.9,0.000999240234375,-0.9543031454086304
799,39.95,0.0009992905273437502,-0.9329378604888916
800,40.0,0.0009993383789062501,-0.9115725755691528
801,40.05,0.00099938427734375,-0.8902072906494141
802,40.1,0.000999427734375,-0.8688420057296753
803,40.15,0.0009994692382812502,-0.8474797010421753
804,40.2,0.00099950830078125,-0.8261114358901978
805,40.25,0.0009995458984375,-0.8047491312026978
806,40.3,0.0009995810546875,-0.7833808660507202
807,40.35,0.0009996147460937502,-0.7620185613632202
808,40.4,0.0009996459960937502,-0.7406532764434814
809,40.45,0.00099967578125,-0.7192879915237427
810,40.5,0.0009997041015625,-0.6979227066040039
811,40.55,0.00099973046875,-0.6765574216842651
812,40.6,0.0009997548828125,-0.6551921367645264
813,40.65,0.0009997783203125,-0.6338298320770264
814,40.7,0.0009997998046875,-0.6124615669250488
815,40.75,0.0009998198242187502,-0.5910992622375488
816,40.8,0.0009998388671875,-0.5697309970855713
817,40.85,0.00099985595703125,-0.5483686923980713
818,40.9,0.0009998720703125001,-0.5270034074783325
819,40.95,0.00099988671875,-0.5056381225585938
820,41.0,0.0009999003906250002,-0.4842698574066162
821,41.05,0.0009999125976562502,-0.462910532951355
822,41.1,0.0009999238281250002,-0.4415452480316162
823,41.15,0.0009999340820312501,-0.4201740026473999
824,41.2,0.0009999433593750001,-0.39881467819213867
825,41.25,0.0009999516601562502,-0.3774493932723999
826,41.3,0.0009999589843750001,-0.35608112812042236
827,41.35,0.0009999658203125,-0.33471882343292236
828,41.4,0.0009999716796875002,-0.3133535385131836
829,41.45,0.0009999765625000002,-0.2919882535934448
830,41.5,0.0009999809570312502,-0.2706199884414673
831,41.55,0.00099998486328125,-0.24926066398620605
832,41.6,0.00099998779296875,-0.22789239883422852
833,41.65,0.00099999072265625,-0.20653009414672852
834,41.7,0.00099999267578125,-0.18516182899475098
835,41.75,0.0009999946289062501,-0.16379952430725098
836,41.8,0.0009999960937500001,-0.14243125915527344
837,41.85,0.0009999970703125,-0.12106895446777344
838,41.9,0.0009999980468750002,-0.09970366954803467
839,41.95,0.00099999853515625,-0.08731484413146973
840,42.0,0.0009999990234375,-0.07492601871490479
841,42.05,0.0009999995117187502,-0.06253421306610107
842,42.1,0.0009999995117187502,-0.05015134811401367
843,42.15,0.0009999995117187502,-0.03775954246520996
844,42.2,0.0009999995117187502,-0.02536773681640625
845,42.25,0.0009999995117187502,-0.012984871864318848
846,42.3,0.0009999995117187502,-0.0005930662155151367
847,42.35,0.0009999995117187502,-0.0005185604095458984
848,42.4,0.0009999995117187502,-0.0004470348358154297
849,42.45,0.0009999995117187502,-0.0003695487976074219
850,42.5,0.0009999995117187502,-0.0002950429916381836
851,42.55,0.0009999995117187502,-0.00022351741790771484
852,42.6,0.001,-0.00014901161193847656
853,42.65,0.001,-7.450580596923828e-05
854,42.7,0.001,0.0
855,42.75,0.001,0.0
856,42.8,0.001,0.0
857,42.85,0.001,0.0
858,42.9,0.001,0.0
859,42.95,0.001,0.0
860,43.0,0.001,0.0
861,43.05,0.001,0.0
862,43.1,0.001,0.0
863,43.15,0.001,0.0
864,43.2,0.001,0.0
865,43.25,0.001,0.0
866,43.3,0.001,0.0
867,43.35,0.001,0.0
868,43.4,0.001,0.0
869,43.45,0.001,0.0
870,43.5,0.001,0.0
871,43.55,0.001,0.0
872,43.6,0.001,0.0
873,43.65,0.001,0.0
874,43.7,0.001,0.0
875,43.75,0.001,0.0
876,43.8,0.001,0.0
877,43.85,0.001,0.0
878,43.9,0.001,0.0
879,43.95,0.001,0.0
880,44.0,0.001,0.0
881,44.05,0.001,0.0
882,44.1,0.001,0.0
883,44.15,0.001,0.0
884,44.2,0.001,0.0
885,44.25,0.001,0.0
886,44.3,0.001,0.0
887,44.35,0.001,0.0
888,44.4,0.001,0.0
889,44.45,0.001,0.0
890,44.5,0.001,0.0
891,44.55,0.001,0.0
892,44.6,0.001,0.0
893,44.65,0.001,0.0
894,44.7,0.001,0.0
895,44.75,0.001,0.0
896,44.8,0.001,0.0
897,44.85,0.001,0.0
898,44.9,0.001,0.0
899,44.95,0.001,0.0
900,45.0,0.001,0.0
901,45.05,0.001,0.0
902,45.1,0.001,0.0
903,45.15,0.001,0.0
904,45.2,0.001,0.0
905,45.25,0.001,0.0
906,45.3,0.001,0.0
907,45.35,0.001,0.0
908,45.4,0.001,0.0
909,45.45,0.001,0.0
910,45.5,0.001,0.0
911,45.55,0.001,0.0
912,45.6,0.001,0.0
913,45.65,0.001,0.0
914,45.7,0.001,0.0
915,45.75,0.001,0.0
916,45.8,0.001,0.0
917,45.85,0.001,0.0
918,45.9,0.001,0.0
919,45.95,0.001,0.0
920,46.0,0.001,0.0
921,46.05,0.001,0.0
922,46.1,0.001,0.0
923,46.15,0.001,0.0
924,46.2,0.001,0.0
925,46.25,0.001,0.0
926,46.3,0.001,0.0
927,46.35,0.001,0.0
928,46.4,0.001,0.0
929,46.45,0.001,0.0
930,46.5,0.001,0.0
931,46.55,0.001,0.0
932,46.6,0.001,0.0
933,46.65,0.001,0.0
934,46.7,0.001,0.0
935,46.75,0.001,0.0
936,46.8,0.001,0.0
937,46.85,0.001,0.0
938,46.9,0.001,0.0
939,46.95,0.001,0.0
940,47.0,0.001,0.0
941,47.05,0.001,0.0
942,47.1,0.001,0.0
943,47.15,0.001,0.0
944,47.2,0.001,0.0
945,47.25,0.001,0.0
946,47.3,0.001,0.0
947,47.35,0.001,0.0
948,47.4,0.001,0.0
949,47.45,0.001,0.0
950,47.5,0.001,0.0
951,47.55,0.001,0.0
952,47.6,0.001,0.0
953,47.65,0.001,0.0
954,47.7,0.001,0.0
955,47.75,0.001,0.0
956,47.8,0.001,0.0
957,47.85,0.001,0.0
958,47.9,0.001,0.0
959,47.95,0.001,0.0
960,48.0,0.001,0.0
961,48.05,0.001,0.0
962,48.1,0.001,0.0
963,48.15,0.001,0.0
964,48.2,0.001,0.0
965,48.25,0.001,0.0
966,48.3,0.001,0.0
967,48.35,0.001,0.0
968,48.4,0.001,0.0
969,48.45,0.001,0.0
970,48.5,0.001,0.0
971,48.55,0.001,0.0
972,48.6,0.001,0.0
973,48.65,0.001,0.0
974,48.7,0.001,0.0
975,48.75,0.001,0.0
976,48.8,0.001,0.0
977,48.85,0.001,0.0
978,48.9,0.001,0.0
979,48.95,0.001,0.0
980,49.0,0.001,0.0
981,49.05,0.001,0.0
982,49.1,0.001,0.0
983,49.15,0.001,0.0
984,49.2,0.001,0.0
985,49.25,0.001,0.0
986,49.3,0.001,0.0
987,49.35,0.001,0.0
988,49.4,0.001,0.0
989,49.45,0.001,0.0
990,49.5,0.001,0.0
991,49.55,0.001,0.0
992,49.6,0.001,0.0
993,49.65,0.001,0.0
994,49.7,0.001,0.0
995,49.75,0.001,0.0
996,49.8,0.001,0.0
997,49.85,0.001,0.0
998,49.9,0.001,0.0
999,49.95,0.001,0.0
