Unnamed: 0,Time in ms,M0 in meter,MF231 in A
0,0.0,0.0,0.1
1,0.05,0.0,0.1
2,0.1,0.0,0.1
3,0.15,0.0,0.1
4,0.2,0.0,0.1
5,0.25,0.0,0.1
6,0.3,0.0,0.1
7,0.35,0.0,0.1
8,0.4,0.0,0.1
9,0.45,0.0,0.1
10,0.5,0.0,0.1
11,0.55,0.0,0.1
12,0.6,0.0,0.1
13,0.65,0.0,0.1
14,0.7,0.0,0.1
15,0.75,0.0,0.1
16,0.8,0.0,0.1
17,0.85,0.0,0.1
18,0.9,0.0,0.1
19,0.95,0.0,0.1
20,1.0,0.0,0.1
21,1.05,0.0,0.1
22,1.1,0.0,0.1
23,1.15,0.0,0.1
24,1.2,0.0,0.1
25,1.25,0.0,0.1
26,1.3,0.0,0.1
27,1.35,4.882812500000001e-10,0.1
28,1.4,9.765625000000002e-10,0.1
29,1.45,1.4648437500000002e-09,0.1
30,1.5,1.9531250000000003e-09,0.1
31,1.55,2.44140625e-09,0.1
32,1.6,3.906250000000001e-09,0.1
33,1.65,4.8828125e-09,0.1
34,1.7,6.34765625e-09,0.1
35,1.75,8.300781250000002e-09,0.1
36,1.8,1.07421875e-08,0.1
37,1.85,1.318359375e-08,0.1
38,1.9,1.611328125e-08,0.1
39,1.95,1.953125e-08,0.1
40,2.0,2.3437500000000004e-08,0.1
41,2.05,2.8320312500000007e-08,0.1
42,2.1,3.3203125000000006e-08,0.1
43,2.15,3.90625e-08,0.1
44,2.2,4.5410156250000005e-08,0.1
45,2.25,5.2246093750000006e-08,0.1
46,2.3,5.957031250000001e-08,0.1
47,2.35,6.835937500000001e-08,0.1
48,2.4,7.714843750000001e-08,0.1
49,2.45,8.740234375000001e-08,0.1
50,2.5,9.814453125000003e-08,0.1
51,2.55,1.0986328125e-07,0.1
52,2.6,1.2255859375e-07,0.1
53,2.65,1.3623046875000006e-07,0.1
54,2.7,1.5087890625e-07,0.1
55,2.75,1.66015625e-07,0.1
56,2.8,1.826171875e-07,0.1
57,2.85,2.0068359375000006e-07,0.1
58,2.9,2.1923828125000004e-07,0.1
59,2.95,2.3925781250000005e-07,0.1
60,3.0,2.6074218750000004e-07,0.1
61,3.05,2.8320312500000005e-07,0.1
62,3.1,3.0664062500000004e-07,0.1
63,3.15,3.315429687500001e-07,0.1
64,3.2,3.5791015625e-07,0.1
65,3.25,3.857421875000001e-07,0.1
66,3.3,4.150390625e-07,0.1
67,3.35,4.4580078125e-07,0.1
68,3.4,4.7802734375e-07,0.1
69,3.45,5.1171875e-07,0.1
70,3.5,5.468750000000001e-07,0.1
71,3.55,5.8349609375e-07,0.1
72,3.6,6.2255859375e-07,0.1
73,3.65,6.625976562500001e-07,0.1
74,3.7,7.050781250000002e-07,0.1
75,3.75,7.490234375000002e-07,0.1
76,3.8,7.944335937500002e-07,0.1
77,3.85,8.422851562500002e-07,0.1
78,3.9,8.920898437500002e-07,0.1
79,3.95,9.4384765625e-07,0.1
80,4.0,9.9755859375e-07,0.1
81,4.05,1.0537109375e-06,0.1
82,4.1,1.1118164062500002e-06,0.1
83,4.15,1.171875e-06,0.1
84,4.2,1.234375e-06,0.1
85,4.25,1.29931640625e-06,0.1
86,4.3,1.36669921875e-06,0.1
87,4.35,1.4360351562500004e-06,0.1
88,4.4,1.50830078125e-06,0.1
89,4.45,1.5825195312500004e-06,0.1
90,4.5,1.6596679687500005e-06,0.1
91,4.55,1.7392578125000005e-06,0.1
92,4.6,1.8212890625e-06,0.1
93,4.65,1.90625e-06,0.1
94,4.7,1.9941406250000004e-06,0.1
95,4.75,2.08447265625e-06,0.1
96,4.8,2.177734375e-06,0.1
97,4.85,2.2734375e-06,0.1
98,4.9,2.37255859375e-06,0.1
99,4.95,2.474609375e-06,0.1
100,5.0,2.57958984375e-06,0.1
101,5.05,2.6875e-06,0.1
102,5.1,2.7988281250000005e-06,0.1
103,5.15,2.9135742187500013e-06,0.1
104,5.2,3.0312500000000013e-06,0.1
105,5.25,3.1523437500000012e-06,0.1
106,5.3,3.2763671875000008e-06,0.1
107,5.35,3.4042968750000012e-06,0.1
108,5.4,3.5356445312500017e-06,0.1
109,5.45,3.6704101562500014e-06,0.1
110,5.5,3.80908203125e-06,0.1
111,5.55,3.951171875e-06,0.1
112,5.6,4.09716796875e-06,0.1
113,5.65,4.2470703125e-06,0.1
114,5.7,4.400390625e-06,0.1
115,5.75,4.5576171875e-06,0.1
116,5.8,4.719238281250002e-06,0.1
117,5.85,4.884765625e-06,0.1
118,5.9,5.05419921875e-06,0.1
119,5.95,5.227539062500002e-06,0.1
120,6.0,5.405273437500002e-06,0.1
121,6.05,5.587402343750002e-06,0.1
122,6.1,5.773925781250002e-06,0.1
123,6.15,5.964843750000001e-06,0.1
124,6.2,6.1596679687500014e-06,0.1
125,6.25,6.359375e-06,0.1
126,6.3,6.5634765625e-06,0.1
127,6.35,6.772460937500002e-06,0.1
128,6.4,6.985839843750003e-06,0.1
129,6.45,7.2041015625000016e-06,0.1
130,6.5,7.427246093750001e-06,0.1
131,6.55,7.654785156250003e-06,0.1
132,6.6,7.8876953125e-06,0.1
133,6.65,8.125488281250001e-06,0.1
134,6.7,8.3681640625e-06,0.1
135,6.75,8.61572265625e-06,0.1
136,6.8,8.868652343750001e-06,0.1
137,6.85,9.126953125000004e-06,0.1
138,6.9,9.39013671875e-06,0.1
139,6.95,9.6591796875e-06,0.1
140,7.0,9.933105468750003e-06,0.1
141,7.05,1.021240234375e-05,0.1
142,7.1,1.0497558593750004e-05,0.1
143,7.15,1.07880859375e-05,0.1
144,7.2,1.108447265625e-05,0.1
145,7.25,1.138623046875e-05,0.1
146,7.3,1.169384765625e-05,0.1
147,7.35,1.200732421875e-05,0.1
148,7.4,1.2326660156250005e-05,0.1
149,7.45,1.2651855468750005e-05,0.1
150,7.5,1.298291015625e-05,0.1
151,7.55,1.33203125e-05,0.1
152,7.6,1.3663574218750004e-05,0.1
153,7.65,1.401318359375e-05,0.1
154,7.7,1.4369140625e-05,0.1
155,7.75,1.47314453125e-05,0.1
156,7.8,1.5100097656250002e-05,0.1
157,7.85,1.5475097656250006e-05,0.1
158,7.9,1.58564453125e-05,0.1
159,7.95,1.6244628906250007e-05,0.1
160,8.0,1.663916015625e-05,0.1
161,8.05,1.7040527343750007e-05,0.1
162,8.1,1.744873046875e-05,0.1
163,8.15,1.7863769531250007e-05,0.1
164,8.2,1.828564453125e-05,0.1
165,8.25,1.8714355468750007e-05,0.1
166,8.3,1.914990234375e-05,0.1
167,8.35,1.95927734375e-05,0.1
168,8.4,2.0042968750000007e-05,0.1
169,8.45,2.0500000000000007e-05,0.1
170,8.5,2.0964355468750007e-05,0.1
171,8.55,2.143603515625e-05,0.1
172,8.6,2.1915039062500006e-05,0.1
173,8.65,2.24013671875e-05,0.1
174,8.7,2.289550781250001e-05,0.1
175,8.75,2.339697265625001e-05,0.1
176,8.8,2.390625e-05,0.1
177,8.85,2.442333984375001e-05,0.1
178,8.9,2.494775390625001e-05,0.1
179,8.95,2.547998046875001e-05,0.1
180,9.0,2.60205078125e-05,0.1
181,9.05,2.656884765625e-05,0.1
182,9.1,2.7125e-05,0.1
183,9.15,2.768945312500001e-05,0.1
184,9.2,2.826171875000001e-05,0.1
185,9.25,2.884228515625e-05,0.1
186,9.3,2.9431152343750004e-05,0.1
187,9.35,3.00283203125e-05,0.1
188,9.4,3.06337890625e-05,0.1
189,9.45,3.1248046875000005e-05,0.1
190,9.5,3.1870605468750005e-05,0.1
191,9.55,3.2501464843750005e-05,0.1
192,9.6,3.314111328125e-05,0.1
193,9.65,3.378955078125001e-05,0.1
194,9.7,3.444677734375001e-05,0.1
195,9.75,3.511279296875e-05,0.1
196,9.8,3.5787597656250005e-05,0.1
197,9.85,3.647119140625001e-05,0.1
198,9.9,3.716406250000001e-05,0.1
199,9.95,3.786572265625e-05,0.1
200,10.0,3.857666015625e-05,0.1
201,10.05,3.929687500000001e-05,0.1
202,10.1,4.00263671875e-05,0.1
203,10.15,4.076513671875e-05,0.1
204,10.2,4.151318359375001e-05,0.1
205,10.25,4.22705078125e-05,0.1
206,10.3,4.303759765625001e-05,0.1
207,10.35,4.381396484375e-05,0.1
208,10.4,4.460009765625e-05,0.1
209,10.45,4.539599609375001e-05,0.1
210,10.5,4.620166015625001e-05,0.1
211,10.55,4.701708984375002e-05,0.1
212,10.6,4.784228515625001e-05,0.1
213,10.65,4.8677734375000015e-05,0.1
214,10.7,4.952294921875001e-05,0.1
215,10.75,5.0378417968750015e-05,0.1
216,10.8,5.124365234375001e-05,0.1
217,10.85,5.211914062500002e-05,0.1
218,10.9,5.300439453125001e-05,0.1
219,10.95,5.390039062500002e-05,0.1
220,11.0,5.480615234375001e-05,0.1
221,11.05,5.572216796875001e-05,0.1
222,11.1,5.66484375e-05,0.1
223,11.15,5.758496093750001e-05,0.1
224,11.2,5.853173828125e-05,0.1
225,11.25,5.948876953125001e-05,0.1
226,11.3,6.045605468750001e-05,0.1
227,11.35,6.143359375e-05,0.1
228,11.4,6.242138671875e-05,0.1
229,11.45,6.341943359375001e-05,0.1
230,11.5,6.4427734375e-05,0.1
231,11.55,6.544580078125e-05,0.1
232,11.6,6.6474609375e-05,0.1
233,11.65,6.751318359375001e-05,0.1
234,11.7,6.856201171875e-05,0.1
235,11.75,6.962158203125001e-05,0.1
236,11.8,7.069091796875001e-05,0.1
237,11.85,7.17705078125e-05,0.1
238,11.9,7.286035156250001e-05,0.1
239,11.95,7.395996093750001e-05,0.1
240,12.0,7.507031250000001e-05,0.1
241,12.05,7.61904296875e-05,0.1
242,12.1,7.732128906250001e-05,0.1
243,12.15,7.846191406250001e-05,0.1
244,12.2,7.961279296875001e-05,0.1
245,12.25,8.077392578125001e-05,0.1
246,12.3,8.194531250000001e-05,0.1
247,12.35,8.312646484375003e-05,0.1
248,12.4,8.431835937500003e-05,0.1
249,12.45,8.552001953125001e-05,0.1
250,12.5,8.673193359375e-05,0.1
251,12.55,8.79541015625e-05,0.1
252,12.6,8.918603515625e-05,0.1
253,12.65,9.04287109375e-05,0.1
254,12.7,9.168115234375e-05,0.1
255,12.75,9.294384765625e-05,0.1
256,12.8,9.4216796875e-05,0.1
257,12.85,9.549951171875003e-05,0.1
258,12.9,9.679248046875e-05,0.1
259,12.95,9.8095703125e-05,0.1
260,13.0,9.94091796875e-05,0.1
261,13.05,0.000100732421875,0.1
262,13.1,0.0001020654296875,0.1
263,13.15,0.00010340869140625,0.1
264,13.2,0.00010476220703125,0.1
265,13.25,0.00010612548828125002,0.1
266,13.3,0.00010749853515625,0.1
267,13.35,0.0001088818359375,0.1
268,13.4,0.00011027490234375,0.1
269,13.45,0.000111677734375,0.1
270,13.5,0.00011309033203125002,0.1
271,13.55,0.00011451318359375002,0.1
272,13.6,0.0001159453125,0.1
273,13.65,0.00011738769531250002,0.1
274,13.7,0.00011883935546875,0.1
275,13.75,0.00012030126953125002,0.1
276,13.8,0.0001217724609375,0.1
277,13.85,0.00012325341796875,0.1
278,13.9,0.00012474414062500002,0.1
279,13.95,0.00012624462890625,0.1
280,14.0,0.00012775439453125,0.1
281,14.05,0.00012927392578125,0.1
282,14.1,0.000130802734375,0.1
283,14.15,0.00013234130859375,0.1
284,14.2,0.0001338896484375,0.1
285,14.25,0.00013544726562500002,0.1
286,14.3,0.00013701416015625002,0.1
287,14.35,0.0001385908203125,0.1
288,14.4,0.00014017626953125,0.1
289,14.45,0.00014177148437500002,0.1
290,14.5,0.00014337597656250006,0.1
291,14.55,0.00014498974609375,0.1
292,14.6,0.00014661279296875006,0.1
293,14.65,0.00014824511718750002,0.1
294,14.7,0.00014988671875,0.1
295,14.75,0.000151537109375,0.1
296,14.8,0.00015319677734375005,0.1
297,14.85,0.00015486523437500005,0.1
298,14.9,0.00015654296875000005,0.1
299,14.95,0.00015822949218750006,0.1
300,15.0,0.00015992529296875,0.1
301,15.05,0.00016162939453125006,0.1
302,15.1,0.00016334277343750002,0.1
303,15.15,0.000165064453125,0.1
304,15.2,0.00016679492187500006,0.1
305,15.25,0.00016853466796875002,0.1
306,15.3,0.00017028222656250002,0.1
307,15.35,0.00017203906250000002,0.1
308,15.4,0.00017380371093750002,0.1
309,15.45,0.00017557714843750006,0.1
310,15.5,0.00017735937500000005,0.1
311,15.55,0.00017914941406250006,0.1
312,15.6,0.0001809482421875,0.1
313,15.65,0.00018275537109375,0.1
314,15.7,0.00018457031250000008,0.1
315,15.75,0.00018639404296875,0.1
316,15.8,0.0001882255859375,0.1
317,15.85,0.0001900654296875,0.1
318,15.9,0.00019191308593750005,0.1
319,15.95,0.0001937685546875,0.1
320,16.0,0.00019563232421875,0.1
321,16.05,0.00019750439453125,0.1
322,16.1,0.0001993837890625,0.1
323,16.15,0.00020127148437500006,0.1
324,16.2,0.00020316650390625,0.1
325,16.25,0.0002050693359375,0.1
326,16.3,0.00020697998046875,0.1
327,16.35,0.0002088984375,0.1
328,16.4,0.00021082421875,0.1
329,16.45,0.00021275781250000008,0.1
330,16.5,0.00021469873046875009,0.1
331,16.55,0.00021664697265625008,0.1
332,16.6,0.00021860302734375006,0.1
333,16.65,0.00022056591796875,0.1
334,16.7,0.00022253662109375004,0.1
335,16.75,0.00022451416015625004,0.1
336,16.8,0.0002264990234375001,0.1
337,16.85,0.0002284907226562501,0.1
338,16.9,0.00023049023437500004,0.1
339,16.95,0.00023249609375000004,0.1
340,17.0,0.00023450927734375008,0.1
341,17.05,0.00023652929687500009,0.1
342,17.1,0.00023855615234375004,0.1
343,17.15,0.00024058984375000005,0.1
344,17.2,0.00024263037109375,0.1
345,17.25,0.00024467773437500005,0.1
346,17.3,0.0002467314453125,0.1
347,17.35,0.0002487919921875,0.1
348,17.4,0.00025085888671875004,0.1
349,17.45,0.00025293261718750004,0.1
350,17.5,0.0002550126953125,0.1
351,17.55,0.00025709912109375004,0.1
352,17.6,0.00025919140625000004,0.1
353,17.65,0.00026129052734375,0.1
354,17.7,0.00026339599609375005,0.1
355,17.75,0.00026550732421875005,0.1
356,17.8,0.000267625,0.1
357,17.85,0.00026974853515625004,0.1
358,17.9,0.0002718779296875,0.1
359,17.95,0.000274013671875,0.1
360,18.0,0.00027615478515625005,0.1
361,18.05,0.00027830224609375005,0.1
362,18.1,0.00028045556640625,0.1
363,18.15,0.0002826142578125,0.1
364,18.2,0.00028477880859375,0.1
365,18.25,0.00028694921875000004,0.1
366,18.3,0.00028912500000000005,0.1
367,18.35,0.000291306640625,0.1
368,18.4,0.00029349316406250005,0.1
369,18.45,0.00029568554687500005,0.1
370,18.5,0.00029788330078125004,0.1
371,18.55,0.00030008642578125,0.1
372,18.6,0.00030229443359375003,0.1
373,18.65,0.00030450781250000004,0.1
374,18.7,0.00030672656250000003,0.1
375,18.75,0.00030895019531250017,0.1
376,18.8,0.00031117919921875003,0.1
377,18.85,0.0003134130859375,0.1
378,18.9,0.00031565185546875016,0.1
379,18.95,0.00031789501953125005,0.1
380,19.0,0.00032014355468750003,0.1
381,19.05,0.00032239697265625005,0.1
382,19.1,0.00032465527343750005,0.1
383,19.15,0.00032691796875000017,0.1
384,19.2,0.00032918505859375004,0.1
385,19.25,0.00033145703125000005,0.1
386,19.3,0.0003337333984375,0.1
387,19.35,0.00033601416015625017,0.1
388,19.4,0.00033829980468750003,0.1
389,19.45,0.00034058935546875017,0.1
390,19.5,0.00034288330078125005,0.1
391,19.55,0.00034518164062500016,0.1
392,19.6,0.00034748388671875,0.1
393,19.65,0.00034979052734375004,0.1
394,19.7,0.00035210107421875,0.1
395,19.75,0.000354416015625,0.1
396,19.8,0.00035673437500000017,0.1
397,19.85,0.00035905712890625,0.1
398,19.9,0.0003613837890625,0.1
399,19.95,0.0003637138671875,0.1
400,20.0,0.00036604833984375015,0.1
401,20.05,0.00036838623046875016,0.1
402,20.1,0.0003707275390625,0.1
403,20.15,0.00037307275390625015,0.1
404,20.2,0.00037542138671875014,0.1
405,20.25,0.00037777343750000007,0.1
406,20.3,0.00038012939453125016,0.1
407,20.35,0.0003824882812500001,0.1
408,20.4,0.0003848505859375,0.1
409,20.45,0.0003872163085937501,0.1
410,20.5,0.00038958544921875016,0.1
411,20.55,0.0003919575195312501,0.1
412,20.6,0.00039433251953125017,0.1
413,20.65,0.0003967109375,0.1
414,20.7,0.00039909228515625015,0.1
415,20.75,0.0004014765625,0.1
416,20.8,0.00040386376953125016,0.1
417,20.85,0.00040625390625,0.1
418,20.9,0.00040864697265625017,0.1
419,20.95,0.00041104248046875015,0.1
420,21.0,0.00041344091796875017,0.1
421,21.05,0.00041584228515625016,0.1
422,21.1,0.00041824560546875015,0.1
423,21.15,0.00042065185546875017,0.1
424,21.2,0.000423060546875,0.1
425,21.25,0.0004254716796875,0.1
426,21.3,0.000427884765625,0.1
427,21.35,0.00043030029296875017,0.1
428,21.4,0.00043271826171875015,0.1
429,21.45,0.0004351381835937501,0.1
430,21.5,0.00043756005859375016,0.1
431,21.55,0.0004399838867187501,0.1
432,21.6,0.00044240966796875,0.1
433,21.65,0.0004448369140625001,0.1
434,21.7,0.00044726611328125,0.1
435,21.75,0.0004496967773437501,0.1
436,21.8,0.0004521289062500001,0.1
437,21.85,0.0004545625000000001,0.1
438,21.9,0.00045699755859375,0.1
439,21.95,0.0004594340820312501,0.1
440,22.0,0.00046187109375,0.1
441,22.05,0.0004643095703125001,0.1
442,22.1,0.0004667490234375001,0.1
443,22.15,0.000469189453125,0.1
444,22.2,0.000471630859375,0.1
445,22.25,0.0004740727539062501,0.1
446,22.3,0.0004765156250000001,0.1
447,22.35,0.0004789594726562501,0.1
448,22.4,0.0004814033203125,0.1
449,22.45,0.0004838481445312501,0.1
450,22.5,0.00048629296875000007,0.1
451,22.55,0.00048873828125,0.1
452,22.6,0.0004911845703125,0.1
453,22.65,0.00049363037109375,0.1
454,22.7,0.0004960771484375001,0.1
455,22.75,0.0004985234375,0.1
456,22.8,0.0005009702148437501,0.1
457,22.85,0.0005034169921875,0.1
458,22.9,0.0005058637695312501,0.1
459,22.95,0.000508310546875,0.1
460,23.0,0.0005107573242187501,0.1
461,23.05,0.0005132036132812501,0.1
462,23.1,0.00051564990234375,0.1
463,23.15,0.00051809619140625,0.1
464,23.2,0.0005205415039062501,0.1
465,23.25,0.00052298681640625,0.1
466,23.3,0.000525431640625,0.1
467,23.35,0.0005278759765625,0.1
468,23.4,0.0005303193359375001,0.1
469,23.45,0.0005327622070312501,0.1
470,23.5,0.0005352045898437501,0.1
471,23.55,0.00053764599609375,0.1
472,23.6,0.00054008642578125,0.1
473,23.65,0.00054252587890625,0.1
474,23.7,0.00054496435546875,0.1
475,23.75,0.0005474018554687501,0.1
476,23.8,0.0005498383789062501,0.1
477,23.85,0.0005522734375,0.1
478,23.9,0.0005547070312500001,0.1
479,23.95,0.0005571396484375001,0.1
480,24.0,0.0005595703125000001,0.1
481,24.05,0.0005620000000000001,0.1
482,24.1,0.0005644277343750001,0.1
483,24.15,0.0005668540039062501,0.1
484,24.2,0.0005692788085937501,0.1
485,24.25,0.0005717016601562501,0.1
486,24.3,0.0005741225585937501,0.1
487,24.35,0.00057654150390625,0.1
488,24.4,0.0005789589843750001,0.1
489,24.45,0.0005813740234375,0.1
490,24.5,0.000583787109375,0.1
491,24.55,0.00058619775390625,0.1
492,24.6,0.00058860693359375,0.1
493,24.65,0.00059101318359375,0.1
494,24.7,0.00059341748046875,0.1
495,24.75,0.0005958193359375001,0.1
496,24.8,0.0005982187500000001,0.1
497,24.85,0.00060061572265625,0.1
498,24.9,0.0006030097656250001,0.1
499,24.95,0.0006054013671875001,0.1
500,25.0,0.00060779052734375,0.1
501,25.05,0.0006101767578125001,0.1
502,25.1,0.00061256005859375,0.1
503,25.15,0.0006149404296875001,0.1
504,25.2,0.0006173178710937501,0.1
505,25.25,0.0006196923828125,0.1
506,25.3,0.0006220634765625,0.1
507,25.35,0.000624431640625,0.1
508,25.4,0.0006267963867187501,0.1
509,25.45,0.0006291582031250001,0.1
510,25.5,0.0006315161132812501,0.1
511,25.55,0.00063387060546875,0.1
512,25.6,0.0006362216796875,0.1
513,25.65,0.0006385693359375001,0.1
514,25.7,0.0006409125976562501,0.1
515,25.75,0.0006432529296875,0.1
516,25.8,0.0006455888671875001,0.1
517,25.85,0.0006479213867187501,0.1
518,25.9,0.00065024951171875,0.1
519,25.95,0.0006525737304687501,0.1
520,26.0,0.00065489404296875,0.1
521,26.05,0.0006572099609375001,0.1
522,26.1,0.0006595219726562501,0.1
523,26.15,0.0006618295898437501,0.1
524,26.2,0.0006641328125000001,0.1
525,26.25,0.0006664316406250001,0.1
526,26.3,0.0006687260742187501,0.1
527,26.35,0.0006710161132812501,0.1
528,26.4,0.00067330126953125,0.1
529,26.45,0.0006755820312500001,0.1
530,26.5,0.0006778583984375,0.1
531,26.55,0.00068012939453125,0.1
532,26.6,0.00068239599609375,0.1
533,26.65,0.0006846572265625001,0.1
534,26.7,0.0006869140625000001,0.1
535,26.75,0.0006891655273437501,0.1
536,26.8,0.0006914121093750001,0.1
537,26.85,0.0006936533203125001,0.1
538,26.9,0.0006958896484375001,0.1
539,26.95,0.0006981206054687501,0.1
540,27.0,0.00070034619140625,0.1
541,27.05,0.0007025664062500001,0.1
542,27.1,0.0007047812500000001,0.1
543,27.15,0.0007069902343750001,0.1
544,27.2,0.0007091938476562501,0.1
545,27.25,0.0007113920898437501,0.1
546,27.3,0.0007135839843750001,0.1
547,27.35,0.0007157705078125001,0.1
548,27.4,0.0007179511718750001,0.1
549,27.45,0.0007201259765625001,0.1
550,27.5,0.00072229443359375,0.1
551,27.55,0.0007244570312500001,0.1
552,27.6,0.0007266137695312501,0.1
553,27.65,0.00072876416015625,0.1
554,27.7,0.0007309082031250001,0.1
555,27.75,0.0007330458984375001,0.1
556,27.8,0.00073517724609375,0.1
557,27.85,0.0007373022460937501,0.1
558,27.9,0.0007394208984375,0.1
559,27.95,0.0007415327148437501,0.1
560,28.0,0.00074363818359375,0.1
561,28.05,0.0007457368164062501,0.1
562,28.1,0.0007478286132812501,0.1
563,28.15,0.0007499135742187501,0.1
564,28.2,0.0007519916992187501,0.1
565,28.25,0.0007540629882812501,0.1
566,28.3,0.0007561274414062501,0.1
567,28.35,0.0007581845703125001,0.1
568,28.4,0.0007602348632812501,0.1
569,28.45,0.00076227734375,0.1
570,28.5,0.0007643129882812501,0.1
571,28.55,0.0007663413085937501,0.1
572,28.6,0.0007683623046875001,0.1
573,28.65,0.0007703759765625,0.1
574,28.7,0.0007723818359375,0.1
575,28.75,0.0007743803710937501,0.1
576,28.8,0.00077637109375,0.1
577,28.85,0.0007783544921875,0.1
578,28.9,0.0007803295898437501,0.1
579,28.95,0.0007822973632812501,0.1
580,29.0,0.0007842568359375001,0.1
581,29.05,0.0007862084960937501,0.1
582,29.1,0.0007881523437500001,0.1
583,29.15,0.000790087890625,0.1
584,29.2,0.0007920156250000001,0.1
585,29.25,0.0007939350585937501,0.1
586,29.3,0.0007958461914062501,0.1
587,29.35,0.0007977490234375001,0.1
588,29.4,0.0007996435546875001,0.1
589,29.45,0.0008015292968750001,0.1
590,29.5,0.00080340673828125,0.1
591,29.55,0.0008052758789062501,0.1
592,29.6,0.0008071362304687501,0.1
593,29.65,0.0008089877929687501,0.1
594,29.7,0.00081083056640625,0.1
595,29.75,0.0008126645507812501,0.1
596,29.8,0.0008144897460937501,0.1
597,29.85,0.0008163061523437501,0.1
598,29.9,0.00081811328125,0.1
599,29.95,0.0008199116210937501,0.1
600,30.0,0.00082170068359375,0.1
601,30.05,0.0008234804687500001,0.1
602,30.1,0.0008252509765625001,0.1
603,30.15,0.0008270126953125001,0.1
604,30.2,0.0008287646484375,0.1
605,30.25,0.0008305068359375001,0.1
606,30.3,0.0008322397460937501,0.1
607,30.35,0.0008339633789062501,0.1
608,30.4,0.0008356772460937501,0.1
609,30.45,0.0008373813476562501,0.1
610,30.5,0.0008390756835937501,0.1
611,30.55,0.00084076025390625,0.1
612,30.6,0.0008424350585937501,0.1
613,30.65,0.0008440996093750001,0.1
614,30.7,0.0008457543945312501,0.1
615,30.75,0.0008473989257812501,0.1
616,30.8,0.0008490336914062501,0.1
617,30.85,0.0008506582031250001,0.1
618,30.9,0.0008522729492187501,0.1
619,30.95,0.0008538769531250001,0.1
620,31.0,0.0008554711914062501,0.1
621,31.05,0.0008570551757812501,0.1
622,31.1,0.0008586289062500001,0.1
623,31.15,0.0008601923828125001,0.1
624,31.2,0.0008617456054687501,0.1
625,31.25,0.0008632885742187501,0.1
626,31.3,0.0008648212890625001,0.1
627,31.35,0.0008663437500000001,0.1
628,31.4,0.0008678559570312501,0.1
629,31.45,0.0008693579101562501,0.1
630,31.5,0.0008708500976562501,0.1
631,31.55,0.0008723315429687501,0.1
632,31.6,0.0008738032226562501,0.1
633,31.65,0.0008752641601562501,0.1
634,31.7,0.0008767153320312501,0.1
635,31.75,0.0008781562500000001,0.1
636,31.8,0.0008795864257812501,0.1
637,31.85,0.0008810068359375001,0.1
638,31.9,0.0008824174804687502,0.1
639,31.95,0.0008838173828125002,0.1
640,32.0,0.0008852070312500001,0.1
641,32.05,0.0008865869140625002,0.1
642,32.1,0.0008879560546875002,0.1
643,32.15,0.0008893154296875002,0.1
644,32.2,0.0008906645507812502,0.1
645,32.25,0.0008920034179687502,0.1
646,32.3,0.0008933320312500002,0.1
647,32.35,0.0008946508789062502,0.1
648,32.4,0.0008959594726562502,0.1
649,32.45,0.0008972573242187502,0.1
650,32.5,0.00089854541015625,0.1
651,32.55,0.0008998232421875002,0.1
652,32.6,0.00090109130859375,0.1
653,32.65,0.0009023486328125,0.1
654,32.7,0.00090359619140625,0.1
655,32.75,0.00090483349609375,0.1
656,32.8,0.000906060546875,0.1
657,32.85,0.00090727783203125,0.1
658,32.9,0.00090848486328125,0.1
659,32.95,0.000909681640625,0.1
660,33.0,0.00091086865234375,0.1
661,33.05,0.00091204541015625,0.1
662,33.1,0.0009132119140625,0.1
663,33.15,0.00091436865234375,0.1
664,33.2,0.00091551513671875,0.1
665,33.25,0.00091665185546875,0.1
666,33.3,0.00091777880859375,0.1
667,33.35,0.0009188955078125,0.1
668,33.4,0.0009200024414062502,0.1
669,33.45,0.000921099609375,0.1
670,33.5,0.00092218701171875,0.1
671,33.55,0.0009232641601562502,0.1
672,33.6,0.00092433203125,0.1
673,33.65,0.0009253896484375,0.1
674,33.7,0.00092643798828125,0.1
675,33.75,0.00092747607421875,0.1
676,33.8,0.0009285048828125,0.1
677,33.85,0.00092952392578125,0.1
678,33.9,0.000930533203125,0.1
679,33.95,0.00093153271484375,0.1
680,34.0,0.00093252294921875,0.1
681,34.05,0.00093350341796875,0.1
682,34.1,0.000934474609375,0.1
683,34.15,0.00093543603515625,0.1
684,34.2,0.0009363876953125,0.1
685,34.25,0.000937330078125,0.1
686,34.3,0.00093826318359375,0.1
687,34.35,0.00093918701171875,0.1
688,34.4,0.00094010107421875,0.1
689,34.45,0.000941005859375,0.1
690,34.5,0.0009419013671875,0.1
691,34.55,0.00094278759765625,0.1
692,34.6,0.00094366455078125,0.1
693,34.65,0.0009445322265625,0.1
694,34.7,0.00094539111328125,0.1
695,34.75,0.000946240234375,0.1
696,34.8,0.00094708056640625,0.1
697,34.85,0.000947912109375,0.1
698,34.9,0.000948734375,0.1
699,34.95,0.0009495478515625,0.1
700,35.0,0.0009503525390625002,0.1
701,35.05,0.00095114794921875,0.1
702,35.1,0.00095193505859375,0.1
703,35.15,0.0009527128906250002,0.1
704,35.2,0.000953482421875,0.1
705,35.25,0.0009542431640625,0.1
706,35.3,0.0009549951171875,0.1
707,35.35,0.00095573876953125,0.1
708,35.4,0.0009564736328125,0.1
709,35.45,0.0009572001953125,0.1
710,35.5,0.00095791796875,0.1
711,35.55,0.0009586279296875,0.1
712,35.6,0.0009593291015625,0.1
713,35.65,0.00096002197265625,0.1
714,35.7,0.00096070703125,0.1
715,35.75,0.00096138330078125,0.1
716,35.8,0.0009620517578125002,0.1
717,35.85,0.00096271240234375,0.1
718,35.9,0.0009633642578125002,0.1
719,35.95,0.0009640087890625002,0.1
720,36.0,0.00096464501953125,0.1
721,36.05,0.00096527294921875,0.1
722,36.1,0.0009658935546875,0.1
723,36.15,0.00096650634765625,0.1
724,36.2,0.00096711083984375,0.1
725,36.25,0.0009677080078125,0.1
726,36.3,0.0009682973632812502,0.1
727,36.35,0.00096887890625,0.1
728,36.4,0.0009694531250000002,0.1
729,36.45,0.00097001953125,0.1
730,36.5,0.0009705786132812502,0.1
731,36.55,0.00097113037109375,0.1
732,36.6,0.0009716748046875,0.1
733,36.65,0.0009722114257812502,0.1
734,36.7,0.0009727412109375002,0.1
735,36.75,0.0009732631835937502,0.1
736,36.8,0.0009737783203125,0.1
737,36.85,0.00097428662109375,0.1
738,36.9,0.00097478759765625,0.1
739,36.95,0.00097528125,0.1
740,37.0,0.00097576806640625,0.1
741,37.05,0.000976248046875,0.1
742,37.1,0.00097672119140625,0.1
743,37.15,0.0009771875000000002,0.1
744,37.2,0.00097764697265625,0.1
745,37.25,0.0009780996093750002,0.1
746,37.3,0.0009785458984375,0.1
747,37.35,0.0009789853515625002,0.1
748,37.4,0.0009794184570312502,0.1
749,37.45,0.0009798447265625002,0.1
750,37.5,0.0009802646484375,0.1
751,37.55,0.0009806787109375,0.1
752,37.6,0.0009810859375000002,0.1
753,37.65,0.00098148681640625,0.1
754,37.7,0.00098188134765625,0.1
755,37.75,0.00098227001953125,0.1
756,37.8,0.0009826528320312502,0.1
757,37.85,0.000983029296875,0.1
758,37.9,0.0009833994140625,0.1
759,37.95,0.0009837636718750002,0.1
760,38.0,0.00098412255859375,0.1
761,38.05,0.00098447509765625,0.1
762,38.1,0.00098482177734375,0.1
763,38.15,0.0009851630859375,0.1
764,38.2,0.00098549853515625,0.1
765,38.25,0.0009858281250000002,0.1
766,38.3,0.0009861523437500002,0.1
767,38.35,0.00098647119140625,0.1
768,38.4,0.0009867841796875002,0.1
769,38.45,0.000987091796875,0.1
770,38.5,0.00098739404296875,0.1
771,38.55,0.0009876914062500002,0.1
772,38.6,0.0009879829101562502,0.1
773,38.65,0.00098826953125,0.1
774,38.7,0.0009885507812500002,0.1
775,38.75,0.0009888271484375002,0.1
776,38.8,0.00098909814453125,0.1
777,38.85,0.00098936474609375,0.1
778,38.9,0.0009896259765625002,0.1
779,38.95,0.00098988232421875,0.1
780,39.0,0.0009901337890625,0.1
781,39.05,0.00099038037109375,0.1
782,39.1,0.00099062255859375,0.1
783,39.15,0.00099085986328125,0.1
784,39.2,0.00099109228515625,0.1
785,39.25,0.0009913203125,0.1
786,39.3,0.0009915439453125,0.1
787,39.35,0.00099176318359375,0.1
788,39.4,0.00099197802734375,0.1
789,39.45,0.00099218798828125,0.1
790,39.5,0.00099239404296875,0.1
791,39.55,0.00099259619140625,0.1
792,39.6,0.00099279345703125,0.1
793,39.65,0.00099298681640625,0.1
794,39.7,0.00099317626953125,0.1
795,39.75,0.00099336181640625,0.1
796,39.8,0.0009935429687500002,0.1
797,39.85,0.00099372021484375,0.1
798,39.9,0.0009938935546875002,0.1
799,39.95,0.0009940634765625,0.1
800,40.0,0.00099422900390625,0.1
801,40.05,0.0009943916015625002,0.1
802,40.1,0.0009945498046875002,0.1
803,40.15,0.00099470458984375,0.1
804,40.2,0.00099485595703125,0.1
805,40.25,0.00099500390625,0.1
806,40.3,0.0009951484375000002,0.1
807,40.35,0.0009952890625,0.1
808,40.4,0.0009954267578125,0.1
809,40.45,0.00099556103515625,0.1
810,40.5,0.0009956923828125,0.1
811,40.55,0.00099581982421875,0.1
812,40.6,0.00099594482421875,0.1
813,40.65,0.00099606640625,0.1
814,40.7,0.0009961850585937502,0.1
815,40.75,0.00099630078125,0.1
816,40.8,0.00099641357421875,0.1
817,40.85,0.0009965234375,0.1
818,40.9,0.0009966303710937502,0.1
819,40.95,0.00099673486328125,0.1
820,41.0,0.0009968364257812502,0.1
821,41.05,0.0009969355468750002,0.1
822,41.1,0.0009970317382812502,0.1
823,41.15,0.00099712548828125,0.1
824,41.2,0.0009972167968750002,0.1
825,41.25,0.0009973056640625,0.1
826,41.3,0.0009973920898437502,0.1
827,41.35,0.00099747607421875,0.1
828,41.4,0.0009975581054687502,0.1
829,41.45,0.0009976376953125,0.1
830,41.5,0.00099771533203125,0.1
831,41.55,0.0009977905273437502,0.1
832,41.6,0.00099786376953125,0.1
833,41.65,0.0009979350585937502,0.1
834,41.7,0.0009980043945312502,0.1
835,41.75,0.00099807177734375,0.1
836,41.8,0.0009981376953125,0.1
837,41.85,0.000998201171875,0.1
838,41.9,0.00099826318359375,0.1
839,41.95,0.00099832373046875,0.1
840,42.0,0.00099838232421875,0.1
841,42.05,0.000998439453125,0.1
842,42.1,0.0009984946289062502,0.1
843,42.15,0.000998548828125,0.1
844,42.2,0.00099860107421875,0.1
845,42.25,0.00099865185546875,0.1
846,42.3,0.00099870166015625,0.1
847,42.35,0.0009987495117187502,0.1
848,42.4,0.00099879638671875,0.1
849,42.45,0.000998841796875,0.1
850,42.5,0.00099888623046875,0.1
851,42.55,0.0009989287109375,0.1
852,42.6,0.00099897021484375,0.1
853,42.65,0.0009990107421875,0.1
854,42.7,0.0009990498046875,0.1
855,42.75,0.0009990874023437502,0.1
856,42.8,0.0009991240234375,0.1
857,42.85,0.00099915966796875,0.1
858,42.9,0.00099919384765625,0.1
859,42.95,0.0009992270507812502,0.1
860,43.0,0.00099925927734375,0.1
861,43.05,0.0009992905273437502,0.1
862,43.1,0.0009993203125000002,0.1
863,43.15,0.0009993496093750002,0.1
864,43.2,0.0009993774414062502,0.1
865,43.25,0.000999404296875,0.1
866,43.3,0.0009994306640625,0.1
867,43.35,0.00099945556640625,0.1
868,43.4,0.0009994799804687502,0.1
869,43.45,0.0009995034179687502,0.1
870,43.5,0.00099952587890625,0.1
871,43.55,0.00099954736328125,0.1
872,43.6,0.0009995683593750002,0.1
873,43.65,0.0009995883789062502,0.1
874,43.7,0.00099960791015625,0.1
875,43.75,0.00099962646484375,0.1
876,43.8,0.00099964404296875,0.1
877,43.85,0.0009996616210937502,0.1
878,43.9,0.000999677734375,0.1
879,43.95,0.0009996938476562502,0.1
880,44.0,0.000999708984375,0.1
881,44.05,0.0009997236328125002,0.1
882,44.1,0.00099973779296875,0.1
883,44.15,0.0009997509765625,0.1
884,44.2,0.00099976416015625,0.1
885,44.25,0.0009997763671875002,0.1
886,44.3,0.0009997880859375,0.1
887,44.35,0.0009997993164062502,0.1
888,44.4,0.00099981005859375,0.1
889,44.45,0.00099982080078125,0.1
890,44.5,0.0009998305664062502,0.1
891,44.55,0.0009998398437500002,0.1
892,44.6,0.0009998491210937502,0.1
893,44.65,0.000999857421875,0.1
894,44.7,0.00099986572265625,0.1
895,44.75,0.00099987353515625,0.1
896,44.8,0.000999880859375,0.1
897,44.85,0.0009998881835937502,0.1
898,44.9,0.00099989453125,0.1
899,44.95,0.00099990087890625,0.1
900,45.0,0.0009999072265625,0.1
901,45.05,0.0009999125976562502,0.1
902,45.1,0.00099991796875,0.1
903,45.15,0.00099992333984375,0.1
904,45.2,0.0009999282226562502,0.1
905,45.25,0.0009999326171875,0.1
906,45.3,0.00099993701171875,0.1
907,45.35,0.0009999409179687502,0.1
908,45.4,0.00099994482421875,0.1
909,45.45,0.00099994873046875,0.1
910,45.5,0.0009999521484375,0.1
911,45.55,0.000999955078125,0.1
912,45.6,0.00099995849609375,0.1
913,45.65,0.00099996142578125,0.1
914,45.7,0.0009999638671875002,0.1
915,45.75,0.0009999667968750002,0.1
916,45.8,0.00099996923828125,0.1
917,45.85,0.00099997119140625,0.1
918,45.9,0.0009999736328125,0.1
919,45.95,0.0009999755859375,0.1
920,46.0,0.0009999775390625,0.1
921,46.05,0.0009999794921875002,0.1
922,46.1,0.0009999814453125,0.1
923,46.15,0.00099998291015625,0.1
924,46.2,0.0009999843750000002,0.1
925,46.25,0.0009999858398437502,0.1
926,46.3,0.0009999873046875002,0.1
927,46.35,0.00099998828125,0.1
928,46.4,0.00099998974609375,0.1
929,46.45,0.00099999072265625,0.1
930,46.5,0.0009999916992187502,0.1
931,46.55,0.00099999267578125,0.1
932,46.6,0.0009999936523437502,0.1
933,46.65,0.000999994140625,0.1
934,46.7,0.0009999951171875002,0.1
935,46.75,0.00099999560546875,0.1
936,46.8,0.00099999609375,0.1
937,46.85,0.0009999965820312502,0.1
938,46.9,0.0009999970703125,0.1
939,46.95,0.00099999755859375,0.1
940,47.0,0.0009999980468750002,0.1
941,47.05,0.00099999853515625,0.1
942,47.1,0.00099999853515625,0.1
943,47.15,0.0009999990234375,0.1
944,47.2,0.0009999990234375,0.1
945,47.25,0.0009999990234375,0.1
946,47.3,0.0009999995117187502,0.1
947,47.35,0.0009999995117187502,0.1
948,47.4,0.0009999995117187502,0.1
949,47.45,0.0009999995117187502,0.1
950,47.5,0.0009999995117187502,0.1
951,47.55,0.0009999995117187502,0.1
952,47.6,0.0009999995117187502,0.1
953,47.65,0.0009999995117187502,0.1
954,47.7,0.0009999995117187502,0.1
955,47.75,0.0009999995117187502,0.1
956,47.8,0.0009999995117187502,0.1
957,47.85,0.0009999995117187502,0.1
958,47.9,0.0009999995117187502,0.1
959,47.95,0.0009999995117187502,0.1
960,48.0,0.0009999995117187502,0.1
961,48.05,0.0009999995117187502,0.1
962,48.1,0.0009999995117187502,0.1
963,48.15,0.0009999995117187502,0.1
964,48.2,0.001,0.1
965,48.25,0.001,0.1
966,48.3,0.001,0.1
967,48.35,0.001,0.1
968,48.4,0.001,0.1
969,48.45,0.001,0.1
970,48.5,0.001,0.1
971,48.55,0.001,0.1
972,48.6,0.001,0.1
973,48.65,0.001,0.1
974,48.7,0.001,0.1
975,48.75,0.001,0.1
976,48.8,0.001,0.1
977,48.85,0.001,0.1
978,48.9,0.001,0.1
979,48.95,0.001,0.1
980,49.0,0.001,0.1
981,49.05,0.001,0.1
982,49.1,0.001,0.1
983,49.15,0.001,0.1
984,49.2,0.001,0.1
985,49.25,0.001,0.1
986,49.3,0.001,0.1
987,49.35,0.001,0.1
988,49.4,0.001,0.1
989,49.45,0.001,0.1
990,49.5,0.001,0.1
991,49.55,0.001,0.1
992,49.6,0.001,0.1
993,49.65,0.001,0.1
994,49.7,0.001,0.1
995,49.75,0.001,0.1
996,49.8,0.001,0.1
997,49.85,0.001,0.1
998,49.9,0.001,0.1
999,49.95,0.001,0.1
