Time,M0,MF30
0.0,0.0,-0.25362268807366495
0.05,0.0,-0.2534062941558659
0.1,0.0,-0.25340367648750545
0.15,0.0,-0.2534808977041394
0.2,0.0,-0.2535749883390963
0.25,0.0,-0.2536593354307115
0.3,0.0,-0.25372516494244335
0.35,0.0,-0.2537717739818618
0.4,0.0,-0.2538018529303372
0.45,0.0,-0.2545710838632658
0.5,0.0,-0.25394912101328376
0.55,0.0,-0.25449519571848217
0.6,0.0,-0.2538029193878174
0.65,0.0,-0.2543479276355356
0.7,0.0,-0.25368175527546555
0.75,0.0,-0.2535077045671642
0.8,0.0,-0.2535023480420932
0.85,0.0,-0.2535615606699139
0.9,0.0,-0.25363609150517735
0.95,0.0,-0.2537047810619697
1.0,0.0,-0.2537602126132697
1.05,0.0,-0.25380139241460714
1.1,0.0,-0.2538299201522023
1.15,0.0,-0.2538256785599515
1.2,0.0,-0.25376421182882036
1.25,0.0,-0.2536211853381246
1.3,0.0,-0.253378954064101
1.35,4.882812500000001e-10,-0.25291317875962704
1.4,9.765625000000002e-10,-0.2515779982320965
1.45,1.4648437500000002e-09,-0.25149808663409207
1.5,1.9531250000000003e-09,-0.25086606515105814
1.55,2.44140625e-09,-0.24992811579722912
1.6,3.906250000000001e-09,-0.24850849122740332
1.65,4.8828125e-09,-0.2469607463339344
1.7,6.3476562500000004e-09,-0.24580254927277562
1.75,8.300781250000002e-09,-0.24364580868277702
1.8,1.0742187500000001e-08,-0.24164961841888724
1.85,1.3183593750000001e-08,-0.23943354401271788
1.9,1.611328125e-08,-0.2359721623593941
1.95,1.953125e-08,-0.23335354872979225
2.0,2.3437500000000004e-08,-0.22977005769498648
2.05,2.8320312500000003e-08,-0.2253952794475481
2.1,3.3203125000000006e-08,-0.22130502720829098
2.15,3.90625e-08,-0.21669453762006016
2.2,4.5410156250000005e-08,-0.21149320635013286
2.25,5.2246093750000006e-08,-0.206399756949395
2.3,5.9570312500000005e-08,-0.20153597159078346
2.35,6.835937500000001e-08,-0.1958599576726556
2.4,7.714843750000001e-08,-0.18946653296006846
2.45,8.740234375000001e-08,-0.18347757436567919
2.5,9.814453125000002e-08,-0.17690094922436403
2.55,1.0986328125000001e-07,-0.17002535242354497
2.6,1.2255859375000001e-07,-0.16290856656851246
2.65,1.3623046875000003e-07,-0.15476987207075582
2.7,1.5087890625000001e-07,-0.14693053703522307
2.75,1.66015625e-07,-0.13901819813763724
2.8,1.8261718750000002e-07,-0.13060893852962185
2.85,2.0068359375000003e-07,-0.12235597553662955
2.9,2.1923828125000004e-07,-0.11380308349616827
2.95,2.3925781250000005e-07,-0.10599529378814623
3.0,2.6074218750000004e-07,-0.0968507178069558
3.05,2.8320312500000005e-07,-0.08744979816838169
3.1,3.0664062500000004e-07,-0.07802379860077054
3.15,3.3154296875000006e-07,-0.06846540682017804
3.2,3.5791015625e-07,-0.05869849836453796
3.25,3.8574218750000006e-07,-0.04862654671305792
3.3,4.1503906250000003e-07,-0.03816156306420453
3.35,4.4580078125000004e-07,-0.02723586069478188
3.4,4.7802734375e-07,-0.01579753614932997
3.45,5.1171875e-07,-0.003811003226292088
3.5,5.468750000000001e-07,0.007996321666723816
3.55,5.8349609375e-07,0.02028219435887877
3.6,6.2255859375e-07,0.03350434627791401
3.65,6.625976562500001e-07,0.046650431299349295
3.7,7.050781250000001e-07,0.05995377941289917
3.75,7.490234375000001e-07,0.07401385182165542
3.8,7.944335937500001e-07,0.08908331411657856
3.85,8.422851562500001e-07,0.10467711598612367
3.9,8.920898437500001e-07,0.1197691253735684
3.95,9.438476562500001e-07,0.1357622670941055
4.0,9.9755859375e-07,0.15232621806208047
4.05,1.0537109375e-06,0.16952437190338973
4.1,1.1118164062500002e-06,0.18726218958618118
4.15,1.1718750000000001e-06,0.20483284005895255
4.2,1.2343750000000001e-06,0.2237772695487365
4.25,1.29931640625e-06,0.24220395816955717
4.3,1.3666992187500001e-06,0.26125386999920014
4.35,1.4360351562500002e-06,0.2811846999451518
4.4,1.50830078125e-06,0.30158397133927795
4.45,1.5825195312500002e-06,0.32210164375137534
4.5,1.6596679687500003e-06,0.34300513139460237
4.55,1.7392578125000002e-06,0.36427455937955533
4.6,1.8212890625000001e-06,0.38600627244450153
4.65,1.9062500000000002e-06,0.40764222247526055
4.7,1.9941406250000004e-06,0.429869280802086
4.75,2.08447265625e-06,0.45132785956375304
4.8,2.177734375e-06,0.4742416195571423
4.85,2.2734375e-06,0.49679913427680733
4.9,2.3725585937500002e-06,0.519637127313763
4.95,2.4746093750000002e-06,0.5420927953440696
5.0,2.57958984375e-06,0.5656816713977605
5.05,2.6875e-06,0.5893159688450397
5.1,2.7988281250000005e-06,0.6128919019829483
5.15,2.9135742187500005e-06,0.6372165367472916
5.2,3.0312500000000004e-06,0.661695177666843
5.25,3.1523437500000004e-06,0.6863899216521531
5.3,3.2763671875000003e-06,0.7120081693399697
5.35,3.4042968750000004e-06,0.7382491312455386
5.4,3.5356445312500004e-06,0.763383498089388
5.45,3.6704101562500005e-06,0.7886906310450287
5.5,3.8090820312500003e-06,0.8147597478702665
5.55,3.951171875e-06,0.8409165565855802
5.6,4.0971679687500004e-06,0.8672068663872781
5.65,4.2470703125000004e-06,0.893710079882294
5.7,4.4003906250000004e-06,0.921183575782925
5.75,4.5576171875e-06,0.9492257843725385
5.8,4.719238281250001e-06,0.9770805872976781
5.85,4.884765625e-06,1.0052675432525575
5.9,5.05419921875e-06,1.0332937549799681
5.95,5.227539062500001e-06,1.061909911595285
6.0,5.405273437500001e-06,1.0907308280467989
6.05,5.587402343750001e-06,1.1197095802053811
6.1,5.773925781250001e-06,1.1489246011711656
6.15,5.9648437500000006e-06,1.1799901197664442
6.2,6.159667968750001e-06,1.210137903224677
6.25,6.359375e-06,1.2405217615887525
6.3,6.5634765625e-06,1.2706305708736183
6.35,6.772460937500001e-06,1.2998721563257278
6.4,6.985839843750001e-06,1.3304301381111145
6.45,7.204101562500001e-06,1.3600337374024092
6.5,7.427246093750001e-06,1.3897338026203216
6.55,7.654785156250002e-06,1.4183121484704317
6.6,7.8876953125e-06,1.446680789999664
6.65,8.125488281250001e-06,1.4750826856121424
6.7,8.3681640625e-06,1.5044870512560011
6.75,8.61572265625e-06,1.5343897433951497
6.8,8.868652343750001e-06,1.5640125389210882
6.85,9.126953125000002e-06,1.5932046795263886
6.9,9.39013671875e-06,1.6212047145701944
6.95,9.6591796875e-06,1.6505463531240827
7.0,9.933105468750002e-06,1.679371147602797
7.05,1.0212402343750001e-05,1.7104674965143205
7.1,1.0497558593750002e-05,1.7422471538186075
7.15,1.0788085937500001e-05,1.7740902168676258
7.2,1.1084472656250001e-05,1.8060032783076172
7.25,1.1386230468750001e-05,1.8371820352971555
7.3,1.169384765625e-05,1.8662307858467104
7.35,1.2007324218750001e-05,1.8953650468960406
7.4,1.2326660156250002e-05,1.924622047506273
7.45,1.2651855468750002e-05,1.9541443051770329
7.5,1.298291015625e-05,1.9832919454202058
7.55,1.3320312500000001e-05,2.011381659843028
7.6,1.3663574218750002e-05,2.0398217540234334
7.65,1.4013183593750001e-05,2.067728813365102
7.7,1.4369140625000001e-05,2.09573999773711
7.75,1.4731445312500001e-05,2.1241219215095044
7.8,1.5100097656250002e-05,2.152241108939052
7.85,1.5475097656250003e-05,2.182277980819345
7.9,1.58564453125e-05,2.2154387975111605
7.95,1.6244628906250003e-05,2.247327427379787
8.0,1.663916015625e-05,2.2789548721164468
8.05,1.7040527343750003e-05,2.3085923071950676
8.1,1.744873046875e-05,2.3353295596316457
8.15,1.7863769531250003e-05,2.3631656510755423
8.2,1.828564453125e-05,2.3902848891913893
8.25,1.8714355468750003e-05,2.417125297151506
8.3,1.9149902343750002e-05,2.4439247919246556
8.35,1.95927734375e-05,2.4694567535072567
8.4,2.0042968750000004e-05,2.498092106357217
8.45,2.0500000000000004e-05,2.5291863223537807
8.5,2.0964355468750004e-05,2.5586632071062927
8.55,2.143603515625e-05,2.587015463970602
8.6,2.1915039062500003e-05,2.6145905641838914
8.65,2.24013671875e-05,2.642473967559636
8.7,2.2895507812500004e-05,2.666653079353273
8.75,2.3396972656250004e-05,2.690906455367804
8.8,2.3906250000000002e-05,2.7165875270962716
8.85,2.4423339843750004e-05,2.7462691716849807
8.9,2.4947753906250003e-05,2.7763669285923247
8.95,2.5479980468750003e-05,2.804414372518659
9.0,2.6020507812500002e-05,2.8315502861514688
9.05,2.656884765625e-05,2.858943894691765
9.1,2.7125000000000002e-05,2.8840636219829325
9.15,2.7689453125000004e-05,2.9066742656752473
9.2,2.8261718750000004e-05,2.9322640098631383
9.25,2.884228515625e-05,2.963835029304028
9.3,2.9431152343750004e-05,2.9932690618559725
9.35,3.0028320312500002e-05,3.020687101967633
9.4,3.06337890625e-05,3.0479085261002186
9.45,3.1248046875000005e-05,3.0742440149188046
9.5,3.1870605468750005e-05,3.0965996783226735
9.55,3.2501464843750005e-05,3.119984182342887
9.6,3.314111328125e-05,3.1482387129217386
9.65,3.3789550781250006e-05,3.1796930037438873
9.7,3.4446777343750006e-05,3.208937788568437
9.75,3.511279296875e-05,3.235401640087366
9.8,3.5787597656250005e-05,3.260848478972913
9.85,3.6471191406250005e-05,3.2830781064927583
9.9,3.7164062500000006e-05,3.3103988081216817
9.95,3.786572265625e-05,3.3400653284043083
10.0,3.857666015625e-05,3.3674248103052373
10.05,3.9296875000000005e-05,3.3958732422441256
10.1,4.00263671875e-05,3.4203261427581313
10.15,4.076513671875e-05,3.4429416339844474
10.2,4.1513183593750005e-05,3.4722354758530853
10.25,4.2270507812500004e-05,3.500969718396665
10.3,4.3037597656250005e-05,3.5279949143528935
10.35,4.381396484375e-05,3.5560567069798705
10.4,4.460009765625e-05,3.5800628587603573
10.45,4.5395996093750006e-05,3.6021381407976154
10.5,4.6201660156250005e-05,3.634563101828099
10.55,4.701708984375001e-05,3.6617042507976296
10.6,4.7842285156250006e-05,3.6879468608647583
10.65,4.867773437500001e-05,3.7087676011025916
10.7,4.9522949218750006e-05,3.73412408195436
10.75,5.037841796875001e-05,3.7643420577049267
10.8,5.1243652343750006e-05,3.790543172881008
10.85,5.211914062500001e-05,3.8159617021679884
10.9,5.3004394531250005e-05,3.836994182690979
10.95,5.390039062500001e-05,3.85953133776784
11.0,5.4806152343750005e-05,3.888682080432773
11.05,5.5722167968750006e-05,3.9132924288511273
11.1,5.6648437500000004e-05,3.933590023219586
11.15,5.7584960937500005e-05,3.9523825552314524
11.2,5.8531738281250004e-05,3.979808351397514
11.25,5.9488769531250005e-05,4.002719736099244
11.3,6.045605468750001e-05,4.024513085559011
11.35,6.143359375e-05,4.040189622715116
11.4,6.242138671875e-05,4.0626593001186855
11.45,6.341943359375001e-05,4.0828262049704795
11.5,6.4427734375e-05,4.100552279502153
11.55,6.544580078125e-05,4.11285144276917
11.6,6.6474609375e-05,4.1325851719826465
11.65,6.751318359375001e-05,4.150264322385193
11.7,6.856201171875e-05,4.165725241228938
11.75,6.962158203125001e-05,4.173844666779042
11.8,7.069091796875001e-05,4.191851898282767
11.85,7.17705078125e-05,4.204892152547837
11.9,7.286035156250001e-05,4.2159045863896605
11.95,7.395996093750001e-05,4.2249477580189705
12.0,7.507031250000001e-05,4.239294519647956
12.05,7.61904296875e-05,4.252534492313862
12.1,7.732128906250001e-05,4.2547992601990705
12.15,7.846191406250001e-05,4.265226887539029
12.2,7.961279296875001e-05,4.275010762363673
12.25,8.077392578125001e-05,4.280838273838163
12.3,8.194531250000001e-05,4.2842680010944605
12.35,8.312646484375002e-05,4.294163563102484
12.4,8.431835937500002e-05,4.301205284893513
12.45,8.552001953125001e-05,4.299595127999783
12.5,8.673193359375e-05,4.308288501575589
12.55,8.79541015625e-05,4.311924152076244
12.6,8.918603515625e-05,4.309460829198361
12.65,9.042871093750001e-05,4.314940481632949
12.7,9.168115234375e-05,4.314629463851452
12.75,9.294384765625001e-05,4.312069578096271
12.8,9.421679687500001e-05,4.312865349277855
12.85,9.549951171875002e-05,4.313552923500538
12.9,9.679248046875001e-05,4.3086123168468475
12.95,9.809570312500001e-05,4.305194611474872
13.0,9.940917968750001e-05,4.303600354492665
13.05,0.000100732421875,4.29597460180521
13.1,0.00010206542968750001,4.290402652323246
13.15,0.00010340869140625001,4.284434368461371
13.2,0.00010476220703125001,4.272006066888571
13.25,0.00010612548828125002,4.265409542620182
13.3,0.00010749853515625001,4.254615441709757
13.35,0.00010888183593750001,4.24020236581564
13.4,0.00011027490234375001,4.232211690768601
13.45,0.00011167773437500001,4.219150107353926
13.5,0.00011309033203125002,4.198863371461631
13.55,0.00011451318359375002,4.188076251000166
13.6,0.00011594531250000001,4.169858054816723
13.65,0.00011738769531250002,4.14858707562089
13.7,0.00011883935546875001,4.132921009138227
13.75,0.00012030126953125002,4.1113564632833
13.8,0.00012177246093750001,4.092840434610844
13.85,0.00012325341796875,4.070515795424581
13.9,0.00012474414062500002,4.044211524724961
13.95,0.00012624462890625001,4.02473296970129
14.0,0.00012775439453125,3.9998627934604896
14.05,0.00012927392578125,3.973435589298607
14.1,0.000130802734375,3.949412762001157
14.15,0.00013234130859375,3.919667905569077
14.2,0.0001338896484375,3.8974041514098654
14.25,0.00013544726562500002,3.867960229888559
14.3,0.00013701416015625002,3.8398747812956575
14.35,0.00013859082031250001,3.810849298909307
14.4,0.00014017626953125001,3.7747437022626404
14.45,0.00014177148437500002,3.7503260917961603
14.5,0.00014337597656250003,3.718001959472895
14.55,0.00014498974609375,3.6894542500376706
14.6,0.00014661279296875003,3.6583175696432595
14.65,0.00014824511718750002,3.6244965188205245
14.7,0.00014988671875,3.5926486082375053
14.75,0.000151537109375,3.556905219331384
14.8,0.00015319677734375003,3.525825933739544
14.85,0.00015486523437500003,3.4912440139800305
14.9,0.00015654296875000003,3.460234532877804
14.95,0.00015822949218750003,3.42204023078084
15.0,0.00015992529296875,3.3864922944456337
15.05,0.00016162939453125003,3.3512383125722414
15.1,0.00016334277343750002,3.3127562608569865
15.15,0.000165064453125,3.2767313271760945
15.2,0.00016679492187500003,3.237793413363397
15.25,0.00016853466796875002,3.2052298128604892
15.3,0.00017028222656250002,3.165384246781468
15.35,0.00017203906250000002,3.1297482792288065
15.4,0.00017380371093750002,3.089286300726235
15.45,0.00017557714843750003,3.0542549176141622
15.5,0.00017735937500000003,3.0169773811474445
15.55,0.00017914941406250003,2.978931801393628
15.6,0.0001809482421875,2.938499101996422
15.65,0.00018275537109375002,2.8990378484129913
15.7,0.00018457031250000003,2.860507127456368
15.75,0.00018639404296875002,2.822184074856341
15.8,0.00018822558593750002,2.783422805182636
15.85,0.00019006542968750002,2.7448916964232923
15.9,0.00019191308593750003,2.708019995503128
15.95,0.0001937685546875,2.668437359668314
16.0,0.00019563232421875002,2.6342358743771914
16.05,0.00019750439453125002,2.59493924304843
16.1,0.00019938378906250002,2.55987179428339
16.15,0.00020127148437500003,2.521608463302255
16.2,0.00020316650390625002,2.4871054613962773
16.25,0.0002050693359375,2.447450112551451
16.3,0.00020697998046875,2.414910168014467
16.35,0.00020889843750000002,2.3777941513806584
16.4,0.00021082421875000002,2.34439309090376
16.45,0.00021275781250000003,2.306138485483826
16.5,0.00021469873046875003,2.2745317881926894
16.55,0.00021664697265625003,2.2385018130764367
16.6,0.00021860302734375003,2.207478952780366
16.65,0.00022056591796875002,2.1726878134533765
16.7,0.00022253662109375004,2.1405639812350277
16.75,0.00022451416015625004,2.107015749625862
16.8,0.00022649902343750003,2.074939811043442
16.85,0.00022849072265625003,2.04402282088995
16.9,0.00023049023437500004,2.0097088728100063
16.95,0.00023249609375000004,1.9804198784753682
17.0,0.00023450927734375003,1.9477079434320332
17.05,0.00023652929687500003,1.9206067381426697
17.1,0.00023855615234375004,1.8851741731166844
17.15,0.00024058984375000003,1.85640735514462
17.2,0.00024263037109375002,1.8204822806641465
17.25,0.00024467773437500005,1.795349174179137
17.3,0.0002467314453125,1.7605979785323145
17.35,0.0002487919921875,1.7341333514079458
17.4,0.00025085888671875004,1.701053585484624
17.45,0.00025293261718750004,1.6775436272844677
17.5,0.0002550126953125,1.6472868712618944
17.55,0.00025709912109375004,1.6198888999409975
17.6,0.00025919140625000004,1.5930352097377185
17.65,0.00026129052734375,1.5647404446266588
17.7,0.00026339599609375005,1.5411044505424798
17.75,0.00026550732421875005,1.5126626112498345
17.8,0.000267625,1.4871103869751097
17.85,0.00026974853515625004,1.4570933899842202
17.9,0.0002718779296875,1.4346002505160869
17.95,0.000274013671875,1.404924616869539
18.0,0.00027615478515625005,1.383937218412757
18.05,0.00027830224609375005,1.3610436726361514
18.1,0.00028045556640625,1.3369535615667703
18.15,0.0002826142578125,1.3208100129850209
18.2,0.00028477880859375,1.296339273545891
18.25,0.00028694921875000004,1.2762733913026751
18.3,0.00028912500000000005,1.2500556975603105
18.35,0.000291306640625,1.2328828236088158
18.4,0.00029349316406250005,1.2096932874061166
18.45,0.00029568554687500005,1.1913789161480965
18.5,0.00029788330078125004,1.1726897335611286
18.55,0.00030008642578125,1.1536683009937407
18.6,0.00030229443359375003,1.1386669283732773
18.65,0.00030450781250000004,1.1142522264271975
18.7,0.00030672656250000003,1.1001751815900207
18.75,0.00030895019531250006,1.078956555761397
18.8,0.00031117919921875003,1.0630886379629372
18.85,0.0003134130859375,1.0492539698258043
18.9,0.00031565185546875006,1.033241983316839
18.95,0.00031789501953125005,1.0198636620305481
19.0,0.00032014355468750003,0.9991008013486865
19.05,0.00032239697265625005,0.9875919800251723
19.1,0.00032465527343750005,0.9709936358034612
19.15,0.00032691796875000006,0.9584323178976775
19.2,0.00032918505859375004,0.9466889728792013
19.25,0.00033145703125000005,0.9325665551237765
19.3,0.0003337333984375,0.9227226678282021
19.35,0.00033601416015625006,0.9042841027490796
19.4,0.00033829980468750003,0.8949843996204438
19.45,0.00034058935546875006,0.8805348702706399
19.5,0.00034288330078125005,0.8703923748806119
19.55,0.00034518164062500006,0.8613597708754244
19.6,0.00034748388671875,0.8447314688935876
19.65,0.00034979052734375004,0.8385478575713934
19.7,0.00035210107421875,0.823312252108008
19.75,0.000354416015625,0.8141849272884432
19.8,0.00035673437500000006,0.8046928255353124
19.85,0.00035905712890625,0.7933161964640022
19.9,0.0003613837890625,0.7863484480418267
19.95,0.0003637138671875,0.7721851655747742
20.0,0.00036604833984375004,0.7658846802078189
20.05,0.00036838623046875005,0.7577481428626924
20.1,0.00037072753906250004,0.7490075058303775
20.15,0.00037307275390625005,0.7453405402600766
20.2,0.00037542138671875004,0.7333422634284944
20.25,0.00037777343750000007,0.7274434447288514
20.3,0.00038012939453125006,0.717646917840466
20.35,0.00038248828125000007,0.7111165139358492
20.4,0.0003848505859375,0.7073677219916135
20.45,0.00038721630859375007,0.6968510454520583
20.5,0.00038958544921875005,0.6926057690754533
20.55,0.00039195751953125007,0.6832521613687278
20.6,0.00039433251953125006,0.6782124711200596
20.65,0.00039671093750000004,0.6737155592534692
20.7,0.00039909228515625005,0.6639498626813293
20.75,0.00040147656250000003,0.6591284084133805
20.8,0.00040386376953125005,0.6518469760660082
20.85,0.00040625390625000004,0.6462866121903063
20.9,0.00040864697265625006,0.6441218974068762
20.95,0.00041104248046875004,0.6347608244977893
21.0,0.00041344091796875006,0.6333842217922211
21.05,0.00041584228515625005,0.6245669937226922
21.1,0.00041824560546875004,0.6218509204220026
21.15,0.00042065185546875006,0.6195539649110288
21.2,0.00042306054687500004,0.6097810455132275
21.25,0.00042547167968750004,0.6076199663802982
21.3,0.00042788476562500004,0.59986143973656
21.35,0.00043030029296875006,0.5970261170994492
21.4,0.00043271826171875004,0.5938904412556439
21.45,0.0004351381835937501,0.5865720222238451
21.5,0.00043756005859375006,0.5826584625989198
21.55,0.00043998388671875004,0.574117834819481
21.6,0.00044240966796875,0.5696644053328782
21.65,0.00044483691406250006,0.5666110890917481
21.7,0.00044726611328125003,0.5535235713701696
21.75,0.00044969677734375005,0.5506053559016437
21.8,0.00045212890625000006,0.5421570736449213
21.85,0.00045456250000000005,0.533260491443798
21.9,0.00045699755859375003,0.5312661674804986
21.95,0.00045943408203125006,0.519365374557674
22.0,0.00046187109375000004,0.5123416855931282
22.05,0.00046430957031250007,0.5035242636222392
22.1,0.00046674902343750007,0.4910083186347038
22.15,0.00046918945312500004,0.48436283427290633
22.2,0.00047163085937500004,0.4690167535096407
22.25,0.00047407275390625006,0.4611472668126226
22.3,0.00047651562500000005,0.4524918009527028
22.35,0.00047895947265625007,0.43688497133553034
22.4,0.00048140332031250003,0.42877490152604875
22.45,0.0004838481445312501,0.4136201044544579
22.5,0.00048629296875000007,0.40198997359257194
22.55,0.00048873828125,0.3897648564074188
22.6,0.0004911845703125,0.3743273753905669
22.65,0.00049363037109375,0.36608802184928213
22.7,0.0004960771484375001,0.35170003194361926
22.75,0.0004985234375,0.3395176700083539
22.8,0.0005009702148437501,0.32808301595505335
22.85,0.0005034169921875,0.30913293908815836
22.9,0.0005058637695312501,0.30065940117929135
22.95,0.000508310546875,0.28471065075136726
23.0,0.0005107573242187501,0.27042983982246366
23.05,0.0005132036132812501,0.25771470966283233
23.1,0.00051564990234375,0.2389324786607176
23.15,0.00051809619140625,0.22674388764426115
23.2,0.0005205415039062501,0.2124060454778374
23.25,0.00052298681640625,0.19532523831585424
23.3,0.000525431640625,0.18433970828773452
23.35,0.0005278759765625,0.16315714811207727
23.4,0.0005303193359375001,0.149144114961382
23.45,0.0005327622070312501,0.13369044318096712
23.5,0.0005352045898437501,0.1106270882883109
23.55,0.00053764599609375,0.09459933517500758
23.6,0.00054008642578125,0.07317027789540591
23.65,0.00054252587890625,0.05382625405909494
23.7,0.00054496435546875,0.03903014723618981
23.75,0.0005474018554687501,0.015285586568643341
23.8,0.0005498383789062501,-0.00013201076554878428
23.85,0.0005522734375,-0.022277368155482695
23.9,0.0005547070312500001,-0.041970876470441
23.95,0.0005571396484375001,-0.060693919082405054
24.0,0.0005595703125000001,-0.0868422446132172
24.05,0.0005620000000000001,-0.10601418705191465
24.1,0.0005644277343750001,-0.12803997576702386
24.15,0.0005668540039062501,-0.15159094410482796
24.2,0.0005692788085937501,-0.1718005920876749
24.25,0.0005717016601562501,-0.19990235263248907
24.3,0.0005741225585937501,-0.2194539963500574
24.35,0.00057654150390625,-0.24263761856127533
24.4,0.0005789589843750001,-0.2687646149424836
24.45,0.0005813740234375,-0.29093786564189944
24.5,0.000583787109375,-0.3165343236643821
24.55,0.00058619775390625,-0.3384846605127678
24.6,0.00058860693359375,-0.36184456329792747
24.65,0.00059101318359375,-0.3861370346741751
24.7,0.00059341748046875,-0.4094275692477822
24.75,0.0005958193359375001,-0.43678089478053156
24.8,0.0005982187500000001,-0.4571941513102502
24.85,0.00060061572265625,-0.4796930593438447
24.9,0.0006030097656250001,-0.5038639788050204
24.95,0.0006054013671875001,-0.5256509295199067
25.0,0.00060779052734375,-0.5510110460221768
25.05,0.0006101767578125001,-0.571633037365973
25.1,0.00061256005859375,-0.5917655247263612
25.15,0.0006149404296875001,-0.616559061454609
25.2,0.0006173178710937501,-0.638805655343458
25.25,0.0006196923828125,-0.6657788372598589
25.3,0.0006220634765625,-0.6901107918005437
25.35,0.000624431640625,-0.7144283976405861
25.4,0.0006267963867187501,-0.7381783087737859
25.45,0.0006291582031250001,-0.760513854911551
25.5,0.0006315161132812501,-0.7892389356158674
25.55,0.00063387060546875,-0.8114579955115915
25.6,0.0006362216796875,-0.8386092273518444
25.65,0.0006385693359375001,-0.8614262790419163
25.7,0.0006409125976562501,-0.8848910582251848
25.75,0.0006432529296875,-0.912315690983087
25.8,0.0006455888671875001,-0.9364538895897568
25.85,0.0006479213867187501,-0.9628640304319561
25.9,0.00065024951171875,-0.987960780411959
25.95,0.0006525737304687501,-1.0115665258839728
26.0,0.00065489404296875,-1.0384394123218952
26.05,0.0006572099609375001,-1.0599986258894205
26.1,0.0006595219726562501,-1.0901514507830143
26.15,0.0006618295898437501,-1.1132756422273815
26.2,0.0006641328125000001,-1.1415493690408767
26.25,0.0006664316406250001,-1.1673601607792081
26.3,0.0006687260742187501,-1.1889441937208176
26.35,0.0006710161132812501,-1.2168969168327748
26.4,0.00067330126953125,-1.2402323638089003
26.45,0.0006755820312500001,-1.2705616389401257
26.5,0.0006778583984375,-1.2923835888504984
26.55,0.00068012939453125,-1.3183592936955393
26.6,0.00068239599609375,-1.3424260396510364
26.65,0.0006846572265625001,-1.3642640833742918
26.7,0.0006869140625000001,-1.3905993782915176
26.75,0.0006891655273437501,-1.412703066878021
26.8,0.0006914121093750001,-1.4412587262690066
26.85,0.0006936533203125001,-1.464461738616228
26.9,0.0006958896484375001,-1.4885167535394432
26.95,0.0006981206054687501,-1.511567456368357
27.0,0.00070034619140625,-1.5333286182023584
27.05,0.0007025664062500001,-1.556992049328983
27.1,0.0007047812500000001,-1.5788459929637613
27.15,0.0007069902343750001,-1.605763185862452
27.2,0.0007091938476562501,-1.6247494253329935
27.25,0.0007113920898437501,-1.6504271037876603
27.3,0.0007135839843750001,-1.6714844036847354
27.35,0.0007157705078125001,-1.694856304116547
27.4,0.0007179511718750001,-1.716465253382921
27.45,0.0007201259765625001,-1.7377166485413915
27.5,0.00072229443359375,-1.761509121023119
27.55,0.0007244570312500001,-1.7793236145749687
27.6,0.0007266137695312501,-1.8060903400182726
27.65,0.00072876416015625,-1.8256823273375629
27.7,0.0007309082031250001,-1.853165906108916
27.75,0.0007330458984375001,-1.8716559519991285
27.8,0.00073517724609375,-1.897065367922187
27.85,0.0007373022460937501,-1.9144201213493945
27.9,0.0007394208984375,-1.9378465080633762
27.95,0.0007415327148437501,-1.957340769097209
28.0,0.00074363818359375,-1.9802744524553424
28.05,0.0007457368164062501,-2.00101375412196
28.1,0.0007478286132812501,-2.022038284689188
28.15,0.0007499135742187501,-2.0433476563543085
28.2,0.0007519916992187501,-2.0635207660496238
28.25,0.0007540629882812501,-2.0831201216205955
28.3,0.0007561274414062501,-2.1009745588526134
28.35,0.0007581845703125001,-2.1231958486139777
28.4,0.0007602348632812501,-2.141192221641541
28.45,0.00076227734375,-2.1615776533260944
28.5,0.0007643129882812501,-2.1789830150082707
28.55,0.0007663413085937501,-2.2022794878110297
28.6,0.0007683623046875001,-2.21904109697789
28.65,0.0007703759765625,-2.240821842849255
28.7,0.0007723818359375,-2.2562174169346694
28.75,0.0007743803710937501,-2.278497071005404
28.8,0.00077637109375,-2.293553705513477
28.85,0.0007783544921875,-2.313945923745633
28.9,0.0007803295898437501,-2.331658425182104
28.95,0.0007822973632812501,-2.353567921556533
29.0,0.0007842568359375001,-2.3686499571427704
29.05,0.0007862084960937501,-2.3895030789077283
29.1,0.0007881523437500001,-2.404137396253646
29.15,0.000790087890625,-2.4266216162592174
29.2,0.0007920156250000001,-2.444919118098915
29.25,0.0007939350585937501,-2.4622866690158847
29.3,0.0007958461914062501,-2.4812711633741857
29.35,0.0007977490234375001,-2.4987946109846235
29.4,0.0007996435546875001,-2.5179827017709617
29.45,0.0008015292968750001,-2.536695734225214
29.5,0.00080340673828125,-2.5565682968124754
29.55,0.0008052758789062501,-2.573497242853046
29.6,0.0008071362304687501,-2.5958653159439566
29.65,0.0008089877929687501,-2.611937605775893
29.7,0.00081083056640625,-2.636464964412153
29.75,0.0008126645507812501,-2.6524251792579894
29.8,0.0008144897460937501,-2.675586502812803
29.85,0.0008163061523437501,-2.6923731252551084
29.9,0.00081811328125,-2.716439192555845
29.95,0.0008199116210937501,-2.734191637672484
30.0,0.00082170068359375,-2.7570066533982756
30.05,0.0008234804687500001,-2.7793006561696534
30.1,0.0008252509765625001,-2.798144184239209
30.15,0.0008270126953125001,-2.8220593962818388
30.2,0.0008287646484375,-2.843497324548662
30.25,0.0008305068359375001,-2.868129777722061
30.3,0.0008322397460937501,-2.8873680889606477
30.35,0.0008339633789062501,-2.910824142582715
30.4,0.0008356772460937501,-2.9334650348871953
30.45,0.0008373813476562501,-2.9570453792810443
30.5,0.0008390756835937501,-2.982009403780103
30.55,0.00084076025390625,-3.000901407189667
30.6,0.0008424350585937501,-3.0274470850825317
30.65,0.0008440996093750001,-3.048396769724786
30.7,0.0008457543945312501,-3.074115458317101
30.75,0.0008473989257812501,-3.098143714852631
30.8,0.0008490336914062501,-3.1195273507386445
30.85,0.0008506582031250001,-3.1490096647292374
30.9,0.0008522729492187501,-3.1668497532606126
30.95,0.0008538769531250001,-3.1916189068928364
31.0,0.0008554711914062501,-3.218618895672261
31.05,0.0008570551757812501,-3.2420123191550374
31.1,0.0008586289062500001,-3.268733671680093
31.15,0.0008601923828125001,-3.287621990963818
31.2,0.0008617456054687501,-3.3122707318514597
31.25,0.0008632885742187501,-3.3354349639266734
31.3,0.0008648212890625001,-3.3537582546472553
31.35,0.0008663437500000001,-3.378111877664924
31.4,0.0008678559570312501,-3.395925595611334
31.45,0.0008693579101562501,-3.4164205815643074
31.5,0.0008708500976562501,-3.4402968194335704
31.55,0.0008723315429687501,-3.4540828183293337
31.6,0.0008738032226562501,-3.472823772579432
31.65,0.0008752641601562501,-3.494572524726392
31.7,0.0008767153320312501,-3.5091302510350952
31.75,0.0008781562500000001,-3.5280088752508165
31.8,0.0008795864257812501,-3.5450566828250887
31.85,0.0008810068359375001,-3.5584816373884682
31.9,0.0008824174804687501,-3.5772132843732836
31.95,0.0008838173828125001,-3.5891137864440683
32.0,0.0008852070312500001,-3.6033224903047087
32.05,0.0008865869140625001,-3.6213161487132313
32.1,0.0008879560546875002,-3.631260961666703
32.15,0.0008893154296875001,-3.643105232343079
32.2,0.0008906645507812501,-3.658886864036322
32.25,0.0008920034179687502,-3.665157634019852
32.3,0.0008933320312500001,-3.6771244503557687
32.35,0.0008946508789062501,-3.690823969244957
32.4,0.0008959594726562501,-3.697492237016559
32.45,0.0008972573242187501,-3.706647095829249
32.5,0.00089854541015625,-3.719712169468403
32.55,0.0008998232421875001,-3.724733826890588
32.6,0.0009010913085937501,-3.731730563566089
32.65,0.0009023486328125001,-3.7405453193932776
32.7,0.0009035961914062501,-3.7468707695603376
32.75,0.0009048334960937501,-3.7505258101969954
32.8,0.0009060605468750001,-3.756169503182173
32.85,0.0009072778320312501,-3.764738779887558
32.9,0.0009084848632812501,-3.7641330320388082
32.95,0.0009096816406250001,-3.768327118456363
33.0,0.0009108686523437501,-3.7723284669220445
33.05,0.0009120454101562501,-3.771045615524054
33.1,0.0009132119140625001,-3.772459544241429
33.15,0.0009143686523437501,-3.770830385014415
33.2,0.0009155151367187501,-3.770928499102592
33.25,0.0009166518554687501,-3.7653394863009457
33.3,0.0009177788085937501,-3.7623033788055187
33.35,0.0009188955078125001,-3.7608588136732584
33.4,0.0009200024414062502,-3.754998338967562
33.45,0.0009210996093750001,-3.7455929595977073
33.5,0.0009221870117187501,-3.739216319471598
33.55,0.0009232641601562502,-3.732923832535744
33.6,0.0009243320312500001,-3.7216721244156363
33.65,0.0009253896484375001,-3.707680590078236
33.7,0.0009264379882812501,-3.6983116641640668
33.75,0.0009274760742187501,-3.688545240461827
33.8,0.0009285048828125001,-3.67197287902236
33.85,0.0009295239257812501,-3.6565387185662996
33.9,0.0009305332031250001,-3.64428066238761
33.95,0.0009315327148437501,-3.6292684312909853
34.0,0.0009325229492187501,-3.6127856522798543
34.05,0.0009335034179687501,-3.5915732312947517
34.1,0.0009344746093750001,-3.5740542434155946
34.15,0.0009354360351562501,-3.557735504955054
34.2,0.0009363876953125001,-3.539301302656532
34.25,0.0009373300781250001,-3.5146979346871374
34.3,0.0009382631835937501,-3.495437324792147
34.35,0.0009391870117187501,-3.4765897247940307
34.4,0.0009401010742187501,-3.45888459160924
34.45,0.0009410058593750001,-3.4359701044857505
34.5,0.0009419013671875001,-3.4072680495679384
34.55,0.0009427875976562501,-3.383777287602425
34.6,0.0009436645507812501,-3.36426732055843
34.65,0.0009445322265625001,-3.341719694808125
34.7,0.0009453911132812501,-3.3155887719243777
34.75,0.0009462402343750001,-3.285485973581672
34.8,0.0009470805664062501,-3.26199908964336
34.85,0.0009479121093750001,-3.2375962156802416
34.9,0.0009487343750000001,-3.213136916421353
34.95,0.0009495478515625001,-3.1854828983545307
35.0,0.0009503525390625002,-3.1540309343487025
35.05,0.0009511479492187501,-3.124368485994637
35.1,0.0009519350585937501,-3.0991048838943245
35.15,0.0009527128906250002,-3.0718340149149292
35.2,0.0009534824218750001,-3.044959480315447
35.25,0.0009542431640625001,-3.011594873294235
35.3,0.0009549951171875001,-2.977960355579853
35.35,0.0009557387695312501,-2.948000656440854
35.4,0.0009564736328125001,-2.9202516267076137
35.45,0.0009572001953125001,-2.8891748618334536
35.5,0.0009579179687500001,-2.8602862738072874
35.55,0.0009586279296875001,-2.8255222806707025
35.6,0.0009593291015625001,-2.7895014189183716
35.65,0.0009600219726562501,-2.756499019637704
35.7,0.0009607070312500001,-2.7272912699729206
35.75,0.0009613833007812501,-2.697968536801636
35.8,0.0009620517578125002,-2.6669253168627627
35.85,0.0009627124023437501,-2.633816465735436
35.9,0.0009633642578125002,-2.5982072565704586
35.95,0.0009640087890625002,-2.562137919478119
36.0,0.0009646450195312501,-2.529555898346007
36.05,0.0009652729492187501,-2.499557418935001
36.1,0.0009658935546875001,-2.4704528247937563
36.15,0.0009665063476562501,-2.439370242878795
36.2,0.0009671108398437501,-2.4064368724823
36.25,0.0009677080078125001,-2.371624985709787
36.3,0.0009682973632812502,-2.3345836210995916
36.35,0.0009688789062500001,-2.3022218719124794
36.4,0.0009694531250000002,-2.270555453002453
36.45,0.0009700195312500001,-2.241375431232155
36.5,0.0009705786132812502,-2.211574925109744
36.55,0.0009711303710937501,-2.1817430069670083
36.6,0.0009716748046875001,-2.1489488577470186
36.65,0.0009722114257812502,-2.115785520337522
36.7,0.0009727412109375002,-2.0790286090224988
36.75,0.0009732631835937502,-2.0459845209494234
36.8,0.0009737783203125001,-2.017246400378645
36.85,0.0009742866210937501,-1.9879035014659165
36.9,0.0009747875976562501,-1.9595151789486407
36.95,0.0009752812500000001,-1.9299840018153192
37.0,0.0009757680664062501,-1.901674403250218
37.05,0.0009762480468750001,-1.871322829462588
37.1,0.00097672119140625,-1.8396831689402466
37.15,0.0009771875000000002,-1.8070835027843715
37.2,0.00097764697265625,-1.7729719877243044
37.25,0.0009780996093750002,-1.741856248676777
37.3,0.0009785458984375001,-1.713756839185953
37.35,0.0009789853515625002,-1.6860677249729632
37.4,0.0009794184570312502,-1.6606705248355866
37.45,0.0009798447265625002,-1.6340606655925514
37.5,0.0009802646484375,-1.6073822622187437
37.55,0.0009806787109375,-1.5800576825626194
37.6,0.0009810859375000002,-1.5537078450433912
37.65,0.00098148681640625,-1.5247007832862436
37.7,0.0009818813476562501,-1.4945496065542103
37.75,0.00098227001953125,-1.4644428332336246
37.8,0.0009826528320312502,-1.4354847315698864
37.85,0.0009830292968750001,-1.4101524883881214
37.9,0.0009833994140625,-1.3878155364654958
37.95,0.0009837636718750002,-1.3661480289883914
38.0,0.00098412255859375,-1.342628860473633
38.05,0.0009844750976562501,-1.319888787623495
38.1,0.00098482177734375,-1.2953713179565967
38.15,0.0009851630859375,-1.2722077645361423
38.2,0.00098549853515625,-1.2497249018400909
38.25,0.0009858281250000002,-1.2290687838569285
38.3,0.0009861523437500002,-1.2063862997107206
38.35,0.00098647119140625,-1.1822626437060537
38.4,0.0009867841796875002,-1.157858994137496
38.45,0.000987091796875,-1.1334090990945698
38.5,0.00098739404296875,-1.1089852837845684
38.55,0.0009876914062500002,-1.085182437580079
38.6,0.0009879829101562502,-1.0652715794742107
38.65,0.00098826953125,-1.0478326728567484
38.7,0.0009885507812500002,-1.030661059264094
38.75,0.0009888271484375002,-1.0142791089601815
38.8,0.0009890981445312501,-0.9965141572058202
38.85,0.00098936474609375,-0.9796068311668933
38.9,0.0009896259765625002,-0.962080765888095
38.95,0.00098988232421875,-0.9433912924490868
39.0,0.0009901337890625,-0.9250267976894976
39.05,0.00099038037109375,-0.9081257734447719
39.1,0.00099062255859375,-0.8911984755657614
39.15,0.00099085986328125,-0.8753983262926339
39.2,0.00099109228515625,-0.8600798279978336
39.25,0.0009913203125,-0.842585368640721
39.3,0.0009915439453125,-0.8254068715497852
39.35,0.0009917631835937501,-0.8077119181863965
39.4,0.00099197802734375,-0.7900698029436173
39.45,0.00099218798828125,-0.7734646721743048
39.5,0.00099239404296875,-0.7555099394638092
39.55,0.0009925961914062501,-0.7394391038920731
39.6,0.0009927934570312501,-0.7231036414392293
39.65,0.00099298681640625,-0.7085845015011728
39.7,0.00099317626953125,-0.696227894956246
39.75,0.00099336181640625,-0.6842763483524323
39.8,0.0009935429687500002,-0.6721674023196101
39.85,0.00099372021484375,-0.6565326993819327
39.9,0.0009938935546875002,-0.6436105310451241
39.95,0.0009940634765625,-0.6310165892355145
40.0,0.00099422900390625,-0.6190082295332104
40.05,0.0009943916015625002,-0.6063740047160536
40.1,0.0009945498046875002,-0.5939764849841596
40.15,0.0009947045898437501,-0.580960759241134
40.2,0.00099485595703125,-0.5672114077024162
40.25,0.0009950039062500001,-0.5527774389367552
40.3,0.0009951484375000002,-0.5385084317531437
40.35,0.0009952890625,-0.523988661635667
40.4,0.0009954267578125,-0.5096166928298772
40.45,0.0009955610351562501,-0.496375896083191
40.5,0.0009956923828125,-0.48272116840817036
40.55,0.0009958198242187501,-0.4699460742529482
40.6,0.00099594482421875,-0.45786645580083135
40.65,0.00099606640625,-0.4465912371408195
40.7,0.0009961850585937502,-0.43429886042140436
40.75,0.0009963007812500001,-0.4220553953200579
40.8,0.00099641357421875,-0.410868935007602
40.85,0.0009965234375,-0.39936200422234835
40.9,0.0009966303710937502,-0.38711752113886183
40.95,0.00099673486328125,-0.3746960061136633
41.0,0.0009968364257812502,-0.3616415728116408
41.05,0.0009969355468750002,-0.3499881495488808
41.1,0.0009970317382812502,-0.33800063424278054
41.15,0.00099712548828125,-0.3250281969783828
41.2,0.0009972167968750002,-0.31172864811960616
41.25,0.0009973056640625,-0.29830696564167747
41.3,0.0009973920898437502,-0.28556156263221055
41.35,0.00099747607421875,-0.2728393065975979
41.4,0.0009975581054687502,-0.2605305694509298
41.45,0.0009976376953125,-0.24726090563926847
41.5,0.00099771533203125,-0.23630906597245488
41.55,0.0009977905273437502,-0.22390403256285937
41.6,0.00099786376953125,-0.2119294601725414
41.65,0.0009979350585937502,-0.2000815538456664
41.7,0.0009980043945312502,-0.18971659300150348
41.75,0.00099807177734375,-0.17946638540597637
41.8,0.0009981376953125001,-0.16872852800879629
41.85,0.0009982011718750001,-0.15830831739585852
41.9,0.0009982631835937501,-0.1480791480978951
41.95,0.0009983237304687501,-0.13726070044795052
42.0,0.00099838232421875,-0.1265218129497953
42.05,0.000998439453125,-0.11437638922361658
42.1,0.0009984946289062502,-0.10294911554083229
42.15,0.0009985488281250001,-0.09099980486207643
42.2,0.00099860107421875,-0.07848936182563195
42.25,0.00099865185546875,-0.06676841241423973
42.3,0.00099870166015625,-0.056020835711387926
42.35,0.0009987495117187502,-0.04489018566382584
42.4,0.00099879638671875,-0.033454604519647546
42.45,0.0009988417968750001,-0.021908169361995536
42.5,0.00099888623046875,-0.010160508523404135
42.55,0.0009989287109375001,0.0008109687687465338
42.6,0.00099897021484375,0.011873392994311874
42.65,0.0009990107421875,0.0217398326843977
42.7,0.0009990498046875001,0.0316297867015237
42.75,0.0009990874023437502,0.041212661558529366
42.8,0.0009991240234375,0.05057774883171078
42.85,0.00099915966796875,0.05977296639466659
42.9,0.00099919384765625,0.06874441269901582
42.95,0.0009992270507812502,0.07841192246996799
43.0,0.0009992592773437501,0.08818408444058151
43.05,0.0009992905273437502,0.0971192893688567
43.1,0.0009993203125000002,0.10643677082844082
43.15,0.0009993496093750002,0.1151933320099488
43.2,0.0009993774414062502,0.12366711229551584
43.25,0.000999404296875,0.13139139111153783
43.3,0.0009994306640625,0.1399179610423744
43.35,0.00099945556640625,0.14860485104145482
43.4,0.0009994799804687502,0.15676669251406566
43.45,0.0009995034179687502,0.16408366940449925
43.5,0.00099952587890625,0.1713561701704748
43.55,0.00099954736328125,0.17883687252178787
43.6,0.0009995683593750002,0.18593849771423265
43.65,0.0009995883789062502,0.19314937420422212
43.7,0.00099960791015625,0.19998425171943385
43.75,0.00099962646484375,0.20771743787918243
43.8,0.0009996440429687501,0.21437576820608226
43.85,0.0009996616210937502,0.22123953702393923
43.9,0.000999677734375,0.22675947246607395
43.95,0.0009996938476562502,0.23334096937905996
44.0,0.0009997089843750001,0.23974179869983347
44.05,0.0009997236328125002,0.24579091519117358
44.1,0.00099973779296875,0.2514300514943898
44.15,0.0009997509765625001,0.256580532132648
44.2,0.00099976416015625,0.2622810382163152
44.25,0.0009997763671875002,0.26698006801307206
44.3,0.0009997880859375,0.27276380625553426
44.35,0.0009997993164062502,0.2777930015930906
44.4,0.0009998100585937501,0.2823536100564525
44.45,0.0009998208007812501,0.28817152341362084
44.5,0.0009998305664062502,0.2923247693572193
44.55,0.0009998398437500002,0.2965659010922536
44.6,0.0009998491210937502,0.30069682414177806
44.65,0.000999857421875,0.30442191164474935
44.7,0.0009998657226562501,0.3079588421154767
44.75,0.0009998735351562501,0.31120860467199235
44.8,0.000999880859375,0.3134366524871439
44.85,0.0009998881835937502,0.3161539376713336
44.9,0.00099989453125,0.3179732414195314
44.95,0.00099990087890625,0.3196169674862176
45.0,0.0009999072265625,0.32047759867273273
45.05,0.0009999125976562502,0.3217506580520421
45.1,0.00099991796875,0.32248518064152454
45.15,0.0009999233398437501,0.3231361075071618
45.2,0.0009999282226562502,0.3244581996928901
45.25,0.0009999326171875001,0.3250880155479535
45.3,0.00099993701171875,0.3247819664888084
45.35,0.0009999409179687502,0.32491980611812327
45.4,0.0009999448242187501,0.32447599014267325
45.45,0.00099994873046875,0.3239294549217448
45.5,0.0009999521484375,0.32329818480648104
45.55,0.000999955078125,0.32260392098687596
45.6,0.00099995849609375,0.32129707429558035
45.65,0.00099996142578125,0.3197455725632608
45.7,0.0009999638671875002,0.3173762918449939
45.75,0.0009999667968750002,0.316583768511191
45.8,0.00099996923828125,0.31456423737108713
45.85,0.0009999711914062501,0.3121892850380391
45.9,0.0009999736328125,0.3099379205843434
45.95,0.0009999755859375,0.3084030458936468
46.0,0.0009999775390625001,0.3063028033124283
46.05,0.0009999794921875002,0.3032673259964213
46.1,0.0009999814453125,0.30153634431771936
46.15,0.00099998291015625,0.2984700366854668
46.2,0.0009999843750000002,0.2950893179979176
46.25,0.0009999858398437502,0.29167110363487153
46.3,0.0009999873046875002,0.2883041034685448
46.35,0.0009999882812500001,0.2848791995085776
46.4,0.00099998974609375,0.28084469391033057
46.45,0.00099999072265625,0.2765732650877908
46.5,0.0009999916992187502,0.27160194930620496
46.55,0.00099999267578125,0.267351776920259
46.6,0.0009999936523437502,0.2626266673905775
46.65,0.000999994140625,0.2570073090260848
46.7,0.0009999951171875002,0.2514561312273145
46.75,0.00099999560546875,0.2459602395538241
46.8,0.0009999960937500001,0.2399100566050038
46.85,0.0009999965820312502,0.2338921339949593
46.9,0.0009999970703125,0.22805233402177694
46.95,0.0009999975585937501,0.22239383182022723
47.0,0.0009999980468750002,0.21611305167898542
47.05,0.00099999853515625,0.20978040292393418
47.1,0.00099999853515625,0.20344072524458173
47.15,0.0009999990234375,0.1973414731328376
47.2,0.0009999990234375,0.19047723168041558
47.25,0.0009999990234375,0.18430222473107277
47.3,0.0009999995117187502,0.1777169588604011
47.35,0.0009999995117187502,0.17094747457886117
47.4,0.0009999995117187502,0.1649889100226574
47.45,0.0009999995117187502,0.15923792899120598
47.5,0.0009999995117187502,0.15272091639926658
47.55,0.0009999995117187502,0.14673645389266313
47.6,0.0009999995117187502,0.13933882615529003
47.65,0.0009999995117187502,0.13315323946299035
47.7,0.0009999995117187502,0.1265373977716081
47.75,0.0009999995117187502,0.12057510061422363
47.8,0.0009999995117187502,0.11472789603285491
47.85,0.0009999995117187502,0.10881835216423498
47.9,0.0009999995117187502,0.10354061163961889
47.95,0.0009999995117187502,0.09825808417517692
48.0,0.0009999995117187502,0.0927765593805816
48.05,0.0009999995117187502,0.08705407578963788
48.1,0.0009999995117187502,0.08186402715509758
48.15,0.0009999995117187502,0.07661792890867221
48.2,0.001,0.0720138865406625
48.25,0.001,0.06641722069471145
48.3,0.001,0.061899040272692225
48.35,0.001,0.05663961130776443
48.4,0.001,0.051712305075488976
48.45,0.001,0.04738318453892135
48.5,0.001,0.04215951219666749
48.55,0.001,0.03796972796553747
48.6,0.001,0.03299210130062421
48.65,0.001,0.029059542372124273
48.7,0.001,0.025065672742493918
48.75,0.001,0.02145276475057472
48.8,0.001,0.018291639353265058
48.85,0.001,0.014796840012422765
48.9,0.001,0.011533518751821247
48.95,0.001,0.008645638242160202
49.0,0.001,0.006142783345785575
49.05,0.001,0.0032328840490663427
49.1,0.001,0.001247589943341154
49.15,0.001,-0.0010315520163203479
49.2,0.001,-0.003155241513559305
49.25,0.001,-0.00500289519332
49.3,0.001,-0.0065512172463058965
49.35,0.001,-0.007815947198832874
49.4,0.001,-0.01032823319983436
49.45,0.001,-0.011350934111396782
49.5,0.001,-0.012502156783011743
49.55,0.001,-0.013462809259362985
49.6,0.001,-0.014166245522210377
49.65,0.001,-0.013855368622171228
49.7,0.001,-0.013930584171612283
49.75,0.001,-0.013994195936538747
49.8,0.001,-0.013921578362351281
49.85,0.001,-0.012914110826386606
49.9,0.001,-0.011591078673518497
49.95,0.001,-0.011668676331464668
