Time,M0,MF30
0.000000,0,-159.667785644531250
0.050000,0,-159.531555175781250
0.100000,0,-159.529907226562500
0.150000,0,-159.578521728515625
0.200000,0,-159.637756347656250
0.250000,0,-159.690856933593750
0.300000,0,-159.732299804687500
0.350000,0,-159.761642456054688
0.400000,0,-159.780578613281250
0.450000,0,-160.264846801757813
0.500000,0,-159.873291015625000
0.550000,0,-160.217071533203125
0.600000,0,-159.781250000000000
0.650000,0,-160.124359130859375
0.700000,0,-159.704971313476563
0.750000,0,-159.595397949218750
0.800000,0,-159.592025756835938
0.850000,0,-159.629302978515625
0.900000,0,-159.676223754882813
0.950000,0,-159.719467163085938
1.000000,0,-159.754364013671875
1.050000,0,-159.780288696289063
1.100000,0,-159.798248291015625
1.150000,0,-159.795578002929688
1.200000,0,-159.756881713867188
1.250000,0,-159.666839599609375
1.300000,0,-159.514343261718750
1.350000,1,-159.221115112304688
1.400000,2,-158.380554199218750
1.450000,3,-158.330245971679688
1.500000,4,-157.932357788085938
1.550000,5,-157.341873168945313
1.600000,8,-156.448150634765625
1.650000,10,-155.473770141601563
1.700000,13,-154.744628906250000
1.750000,17,-153.386856079101563
1.800000,22,-152.130157470703125
1.850000,27,-150.735031127929688
1.900000,33,-148.555923461914063
1.950000,40,-146.907379150390625
2.000000,48,-144.651397705078125
2.050000,58,-141.897262573242188
2.100000,68,-139.322250366210938
2.150000,80,-136.419723510742188
2.200000,93,-133.145233154296875
2.250000,107,-129.938659667968750
2.300000,122,-126.876670837402344
2.350000,140,-123.303344726562500
2.400000,158,-119.278373718261719
2.450000,179,-115.508033752441406
2.500000,201,-111.367729187011719
2.550000,225,-107.039207458496094
2.600000,251,-102.558845520019531
2.650000,279,-97.435142517089844
2.700000,309,-92.499900817871094
2.750000,340,-87.518699645996094
2.800000,374,-82.224662780761719
2.850000,411,-77.029022216796875
2.900000,449,-71.644561767578125
2.950000,490,-66.729179382324219
3.000000,534,-60.972225189208984
3.050000,580,-55.053890228271484
3.100000,628,-49.119766235351563
3.150000,679,-43.102294921875000
3.200000,733,-36.953552246093750
3.250000,790,-30.612770080566406
3.300000,850,-24.024555206298828
3.350000,913,-17.146295547485352
3.400000,979,-9.945315361022949
3.450000,1048,-2.399211406707764
3.500000,1120,5.034072399139404
3.550000,1195,12.768625259399414
3.600000,1275,21.092611312866211
3.650000,1357,29.368709564208984
3.700000,1444,37.743812561035156
3.750000,1534,46.595310211181641
3.800000,1627,56.082267761230469
3.850000,1725,65.899322509765625
3.900000,1827,75.400474548339844
3.950000,1933,85.468933105468750
4.000000,2043,95.896743774414063
4.050000,2158,106.723815917968750
4.100000,2277,117.890632629394531
4.150000,2400,128.952209472656250
4.200000,2528,140.878646850585938
4.250000,2661,152.479141235351563
4.300000,2799,164.471984863281250
4.350000,2941,177.019409179687500
4.400000,3089,189.861740112304688
4.450000,3241,202.778610229492188
4.500000,3399,215.938369750976563
4.550000,3562,229.328506469726563
4.600000,3730,243.009674072265625
4.650000,3904,256.630554199218750
4.700000,4084,270.623565673828125
4.750000,4269,284.132781982421875
4.800000,4460,298.558105468750000
4.850000,4656,312.759155273437500
4.900000,4859,327.136779785156250
4.950000,5068,341.273712158203125
5.000000,5283,356.124053955078125
5.050000,5504,371.002990722656250
5.100000,5732,385.845184326171875
5.150000,5967,401.158721923828125
5.200000,6208,416.569213867187500
5.250000,6456,432.115753173828125
5.300000,6710,448.243682861328125
5.350000,6972,464.763641357421875
5.400000,7241,480.586944580078125
5.450000,7517,496.519012451171875
5.500000,7801,512.930786132812500
5.550000,8092,529.397766113281250
5.600000,8391,545.948791503906250
5.650000,8698,562.633850097656250
5.700000,9012,579.929748535156250
5.750000,9334,597.583679199218750
5.800000,9665,615.119628906250000
5.850000,10004,632.864685058593750
5.900000,10351,650.508544921875000
5.950000,10706,668.523803710937500
6.000000,11070,686.667968750000000
6.050000,11443,704.911499023437500
6.100000,11825,723.303771972656250
6.150000,12216,742.861022949218750
6.200000,12615,761.840515136718750
6.250000,13024,780.968627929687500
6.300000,13442,799.923583984375000
6.350000,13870,818.332580566406250
6.400000,14307,837.570312500000000
6.450000,14754,856.207214355468750
6.500000,15211,874.904846191406250
6.550000,15677,892.896301269531250
6.600000,16154,910.755737304687500
6.650000,16641,928.636108398437500
6.700000,17138,947.147583007812500
6.750000,17645,965.972778320312500
6.800000,18163,984.621765136718750
6.850000,18692,1002.999633789062500
6.900000,19231,1020.627014160156250
6.950000,19782,1039.098999023437500
7.000000,20343,1057.245605468750000
7.050000,20915,1076.822265625000000
7.100000,21499,1096.829101562500000
7.150000,22094,1116.875854492187500
7.200000,22701,1136.966674804687500
7.250000,23319,1156.595214843750000
7.300000,23949,1174.882812500000000
7.350000,24591,1193.224243164062500
7.400000,25245,1211.642944335937500
7.450000,25911,1230.228637695312500
7.500000,26589,1248.578491210937500
7.550000,27280,1266.262329101562500
7.600000,27983,1284.166748046875000
7.650000,28699,1301.735595703125000
7.700000,29428,1319.369995117187500
7.750000,30170,1337.237792968750000
7.800000,30925,1354.940185546875000
7.850000,31693,1373.849853515625000
7.900000,32474,1394.726196289062500
7.950000,33269,1414.801635742187500
8.000000,34077,1434.712646484375000
8.050000,34899,1453.370849609375000
8.100000,35735,1470.203247070312500
8.150000,36585,1487.727416992187500
8.200000,37449,1504.800292968750000
8.250000,38327,1521.697631835937500
8.300000,39219,1538.569213867187500
8.350000,40126,1554.642822265625000
8.400000,41048,1572.670166015625000
8.450000,41984,1592.245483398437500
8.500000,42935,1610.802612304687500
8.550000,43901,1628.651733398437500
8.600000,44882,1646.011596679687500
8.650000,45878,1663.565551757812500
8.700000,46890,1678.787475585937500
8.750000,47917,1694.056152343750000
8.800000,48960,1710.223632812500000
8.850000,50019,1728.909667968750000
8.900000,51093,1747.857666015625000
8.950000,52183,1765.514892578125000
9.000000,53290,1782.598266601562500
9.050000,54413,1799.843872070312500
9.100000,55552,1815.657958984375000
9.150000,56708,1829.892456054687500
9.200000,57880,1846.002441406250000
9.250000,59069,1865.877929687500000
9.300000,60275,1884.408081054687500
9.350000,61498,1901.669067382812500
9.400000,62738,1918.806274414062500
9.450000,63996,1935.385742187500000
9.500000,65271,1949.459716796875000
9.550000,66563,1964.181396484375000
9.600000,67873,1981.968994140625000
9.650000,69201,2001.770996093750000
9.700000,70547,2020.182006835937500
9.750000,71911,2036.842285156250000
9.800000,73293,2052.862304687500000
9.850000,74693,2066.856933593750000
9.900000,76112,2084.056640625000000
9.950000,77549,2102.733154296875000
10.000000,79005,2119.957275390625000
10.050000,80480,2137.866943359375000
10.100000,81974,2153.261230468750000
10.150000,83487,2167.498779296875000
10.200000,85019,2185.940673828125000
10.250000,86570,2204.030273437500000
10.300000,88141,2221.043945312500000
10.350000,89731,2238.710205078125000
10.400000,91341,2253.823242187500000
10.450000,92971,2267.720703125000000
10.500000,94621,2288.133789062500000
10.550000,96291,2305.220458984375000
10.600000,97981,2321.741455078125000
10.650000,99692,2334.849121093750000
10.700000,101423,2350.812255859375000
10.750000,103175,2369.835937500000000
10.800000,104947,2386.330810546875000
10.850000,106740,2402.333007812500000
10.900000,108553,2415.573974609375000
10.950000,110388,2429.762207031250000
11.000000,112243,2448.114013671875000
11.050000,114119,2463.607421875000000
11.100000,116016,2476.385742187500000
11.150000,117934,2488.216552734375000
11.200000,119873,2505.482421875000000
11.250000,121833,2519.906250000000000
11.300000,123814,2533.626220703125000
11.350000,125816,2543.495361328125000
11.400000,127839,2557.641113281250000
11.450000,129883,2570.337158203125000
11.500000,131948,2581.496582031250000
11.550000,134033,2589.239501953125000
11.600000,136140,2601.662841796875000
11.650000,138267,2612.792724609375000
11.700000,140415,2622.526123046875000
11.750000,142585,2627.637695312500000
11.800000,144775,2638.974121093750000
11.850000,146986,2647.183593750000000
11.900000,149218,2654.116455078125000
11.950000,151470,2659.809570312500000
12.000000,153744,2668.841552734375000
12.050000,156038,2677.176757812500000
12.100000,158354,2678.602539062500000
12.150000,160690,2685.167236328125000
12.200000,163047,2691.326660156250000
12.250000,165425,2694.995361328125000
12.300000,167824,2697.154541015625000
12.350000,170243,2703.384277343750000
12.400000,172684,2707.817382812500000
12.450000,175145,2706.803710937500000
12.500000,177627,2712.276611328125000
12.550000,180130,2714.565429687500000
12.600000,182653,2713.014648437500000
12.650000,185198,2716.464355468750000
12.700000,187763,2716.268554687500000
12.750000,190349,2714.656982421875000
12.800000,192956,2715.157958984375000
12.850000,195583,2715.590820312500000
12.900000,198231,2712.480468750000000
12.950000,200900,2710.328857421875000
13.000000,203590,2709.325195312500000
13.050000,206300,2704.524414062500000
13.100000,209030,2701.016601562500000
13.150000,211781,2697.259277343750000
13.200000,214553,2689.435058593750000
13.250000,217345,2685.282226562500000
13.300000,220157,2678.486816406250000
13.350000,222990,2669.413085937500000
13.400000,225843,2664.382568359375000
13.450000,228716,2656.159667968750000
13.500000,231609,2643.388183593750000
13.550000,234523,2636.597167968750000
13.600000,237456,2625.127929687500000
13.650000,240410,2611.736816406250000
13.700000,243383,2601.874267578125000
13.750000,246377,2588.298339843750000
13.800000,249390,2576.641601562500000
13.850000,252423,2562.587158203125000
13.900000,255476,2546.027343750000000
13.950000,258549,2533.764648437500000
14.000000,261641,2518.107666015625000
14.050000,264753,2501.470458984375000
14.100000,267884,2486.346923828125000
14.150000,271035,2467.621093750000000
14.200000,274206,2453.604980468750000
14.250000,277396,2435.068603515625000
14.300000,280605,2417.387451171875000
14.350000,283834,2399.114501953125000
14.400000,287081,2376.384277343750000
14.450000,290348,2361.012207031250000
14.500000,293634,2340.662597656250000
14.550000,296939,2322.690429687500000
14.600000,300263,2303.088378906250000
14.650000,303606,2281.796386718750000
14.700000,306968,2261.746582031250000
14.750000,310348,2239.244384765625000
14.800000,313747,2219.678466796875000
14.850000,317164,2197.907470703125000
14.900000,320600,2178.385498046875000
14.950000,324054,2154.340332031250000
15.000000,327527,2131.961181640625000
15.050000,331017,2109.767089843750000
15.100000,334526,2085.540771484375000
15.150000,338052,2062.861328125000000
15.200000,341596,2038.348022460937500
15.250000,345159,2017.847656250000000
15.300000,348738,1992.762939453125000
15.350000,352336,1970.328369140625000
15.400000,355950,1944.855590820312500
15.450000,359582,1922.801635742187500
15.500000,363232,1899.333618164062500
15.550000,366898,1875.382080078125000
15.600000,370582,1849.927734375000000
15.650000,374283,1825.084960937500000
15.700000,378000,1800.828002929687500
15.750000,381735,1776.701782226562500
15.800000,385486,1752.299682617187500
15.850000,389254,1728.042480468750000
15.900000,393038,1704.829956054687500
15.950000,396838,1679.910766601562500
16.000000,400655,1658.379272460937500
16.050000,404489,1633.640136718750000
16.100000,408338,1611.563476562500000
16.150000,412204,1587.474853515625000
16.200000,416085,1565.753540039062500
16.250000,419982,1540.788574218750000
16.300000,423895,1520.303100585937500
16.350000,427824,1496.936767578125000
16.400000,431768,1475.909179687500000
16.450000,435728,1451.826049804687500
16.500000,439703,1431.928100585937500
16.550000,443693,1409.245483398437500
16.600000,447699,1389.715087890625000
16.650000,451719,1367.812377929687500
16.700000,455755,1347.588867187500000
16.750000,459805,1326.468627929687500
16.800000,463870,1306.275268554687500
16.850000,467949,1286.811523437500000
16.900000,472044,1265.209228515625000
16.950000,476152,1246.770385742187500
17.000000,480275,1226.176635742187500
17.050000,484412,1209.115112304687500
17.100000,488563,1186.808593750000000
17.150000,492728,1168.698486328125000
17.200000,496907,1146.081909179687500
17.250000,501100,1130.259399414062500
17.300000,505306,1108.381835937500000
17.350000,509526,1091.721069335937500
17.400000,513759,1070.895751953125000
17.450000,518006,1056.095092773437500
17.500000,522266,1037.046997070312500
17.550000,526539,1019.798645019531250
17.600000,530824,1002.892944335937500
17.650000,535123,985.080017089843750
17.700000,539435,970.200012207031250
17.750000,543759,952.294494628906250
17.800000,548096,936.208129882812500
17.850000,552445,917.310974121093750
17.900000,556806,903.150451660156250
17.950000,561180,884.468200683593750
18.000000,565565,871.255615234375000
18.050000,569963,856.843017578125000
18.100000,574373,841.677124023437500
18.150000,578794,831.513977050781250
18.200000,583227,816.108459472656250
18.250000,587672,803.476013183593750
18.300000,592128,786.970703125000000
18.350000,596596,776.159545898437500
18.400000,601074,761.560607910156250
18.450000,605564,750.030822753906250
18.500000,610065,738.265075683593750
18.550000,614577,726.290161132812500
18.600000,619099,716.846069335937500
18.650000,623632,701.475830078125000
18.700000,628176,692.613647460937500
18.750000,632730,679.255493164062500
18.800000,637295,669.265869140625000
18.850000,641870,660.556274414062500
18.900000,646455,650.475952148437500
18.950000,651049,642.053649902343750
19.000000,655654,628.982421875000000
19.050000,660269,621.737060546875000
19.100000,664894,611.287597656250000
19.150000,669528,603.379638671875000
19.200000,674171,595.986633300781250
19.250000,678824,587.095886230468750
19.300000,683486,580.898681640625000
19.350000,688157,569.290710449218750
19.400000,692838,563.436096191406250
19.450000,697527,554.339416503906250
19.500000,702225,547.954223632812500
19.550000,706932,542.267761230468750
19.600000,711647,531.799438476562500
19.650000,716371,527.906555175781250
19.700000,721103,518.315002441406250
19.750000,725844,512.568908691406250
19.800000,730592,506.593170166015625
19.850000,735349,499.431030273437500
19.900000,740114,495.044494628906250
19.950000,744886,486.128021240234375
20.000000,749667,482.161560058593750
20.050000,754455,477.039215087890625
20.100000,759250,471.536560058593750
20.150000,764053,469.228027343750000
20.200000,768863,461.674530029296875
20.250000,773680,457.960937500000000
20.300000,778505,451.793548583984375
20.350000,783336,447.682342529296875
20.400000,788174,445.322296142578125
20.450000,793019,438.701538085937500
20.500000,797871,436.028930664062500
20.550000,802729,430.140380859375000
20.600000,807593,426.967651367187500
20.650000,812464,424.136627197265625
20.700000,817341,417.988647460937500
20.750000,822224,414.953308105468750
20.800000,827113,410.369293212890625
20.850000,832008,406.868774414062500
20.900000,836909,405.505981445312500
20.950000,841815,399.612731933593750
21.000000,846727,398.746093750000000
21.050000,851645,393.195220947265625
21.100000,856567,391.485321044921875
21.150000,861495,390.039276123046875
21.200000,866428,383.886749267578125
21.250000,871366,382.526245117187500
21.300000,876308,377.641876220703125
21.350000,881255,375.856903076171875
21.400000,886207,373.882843017578125
21.450000,891163,369.275543212890625
21.500000,896123,366.811767578125000
21.550000,901087,361.435028076171875
21.600000,906055,358.631378173828125
21.650000,911026,356.709167480468750
21.700000,916001,348.469940185546875
21.750000,920979,346.632781982421875
21.800000,925960,341.314178466796875
21.850000,930944,335.713348388671875
21.900000,935931,334.457824707031250
21.950000,940921,326.965698242187500
22.000000,945912,322.543945312500000
22.050000,950906,316.992950439453125
22.100000,955902,309.113555908203125
22.150000,960900,304.929901123046875
22.200000,965900,295.268798828125000
22.250000,970901,290.314575195312500
22.300000,975904,284.865539550781250
22.350000,980909,275.040283203125000
22.400000,985914,269.934600830078125
22.450000,990921,260.393920898437500
22.500000,995928,253.072189331054688
22.550000,1000936,245.375885009765625
22.600000,1005946,235.657241821289063
22.650000,1010955,230.470169067382813
22.700000,1015966,221.412231445312500
22.750000,1020976,213.742843627929688
22.800000,1025987,206.544174194335938
22.850000,1030998,194.614181518554688
22.900000,1036009,189.279678344726563
22.950000,1041020,179.239166259765625
23.000000,1046031,170.248703002929688
23.050000,1051041,162.243911743164063
23.100000,1056051,150.419586181640625
23.150000,1061061,142.746276855468750
23.200000,1066069,133.719909667968750
23.250000,1071077,122.966712951660156
23.300000,1076084,116.050788879394531
23.350000,1081090,102.715339660644531
23.400000,1086094,93.893455505371094
23.450000,1091097,84.164619445800781
23.500000,1096099,69.645118713378906
23.550000,1101099,59.554870605468750
23.600000,1106097,46.064239501953125
23.650000,1111093,33.886238098144531
23.700000,1116087,24.571371078491211
23.750000,1121079,9.623018264770508
23.800000,1126069,-0.083107180893421
23.850000,1131056,-14.024683952331543
23.900000,1136040,-26.422702789306641
23.950000,1141022,-38.209766387939453
24.000000,1146000,-54.671405792236328
24.050000,1150976,-66.741073608398438
24.100000,1155948,-80.607376098632813
24.150000,1160917,-95.433853149414063
24.200000,1165883,-108.156806945800781
24.250000,1170845,-125.848228454589844
24.300000,1175803,-138.156936645507813
24.350000,1180757,-152.752151489257813
24.400000,1185708,-169.200363159179688
24.450000,1190654,-183.159500122070313
24.500000,1195596,-199.273712158203125
24.550000,1200533,-213.092514038085938
24.600000,1205467,-227.798706054687500
24.650000,1210395,-243.091995239257813
24.700000,1215319,-257.754516601562500
24.750000,1220238,-274.974761962890625
24.800000,1225152,-287.825897216796875
24.850000,1230061,-301.990051269531250
24.900000,1234964,-317.206817626953125
24.950000,1239862,-330.922760009765625
25.000000,1244755,-346.888183593750000
25.050000,1249642,-359.870727539062500
25.100000,1254523,-372.545104980468750
25.150000,1259398,-388.153839111328125
25.200000,1264267,-402.159149169921875
25.250000,1269130,-419.140075683593750
25.300000,1273986,-434.458221435546875
25.350000,1278836,-449.767333984375000
25.400000,1283679,-464.719055175781250
25.450000,1288516,-478.780364990234375
25.500000,1293345,-496.864196777343750
25.550000,1298167,-510.852172851562500
25.600000,1302982,-527.945190429687500
25.650000,1307790,-542.309631347656250
25.700000,1312589,-557.081848144531250
25.750000,1317382,-574.346984863281250
25.800000,1322166,-589.543151855468750
25.850000,1326943,-606.169616699218750
25.900000,1331711,-621.969238281250000
25.950000,1336471,-636.830200195312500
26.000000,1341223,-653.747985839843750
26.050000,1345966,-667.320556640625000
26.100000,1350701,-686.303222656250000
26.150000,1355427,-700.861022949218750
26.200000,1360144,-718.660705566406250
26.250000,1364852,-734.909851074218750
26.300000,1369551,-748.498046875000000
26.350000,1374241,-766.095642089843750
26.400000,1378921,-780.786437988281250
26.450000,1383592,-799.880187988281250
26.500000,1388254,-813.618164062500000
26.550000,1392905,-829.971130371093750
26.600000,1397547,-845.122314453125000
26.650000,1402178,-858.870422363281250
26.700000,1406800,-875.449768066406250
26.750000,1411411,-889.365112304687500
26.800000,1416012,-907.342285156250000
26.850000,1420602,-921.949707031250000
26.900000,1425182,-937.093505859375000
26.950000,1429751,-951.605041503906250
27.000000,1434309,-965.304748535156250
27.050000,1438856,-980.202026367187500
27.100000,1443392,-993.960144042968750
27.150000,1447916,-1010.905822753906250
27.200000,1452429,-1022.858581542968750
27.250000,1456931,-1039.023925781250000
27.300000,1461420,-1052.280517578125000
27.350000,1465898,-1066.994262695312500
27.400000,1470364,-1080.598144531250000
27.450000,1474818,-1093.976928710937500
27.500000,1479259,-1108.955444335937500
27.550000,1483688,-1120.170532226562500
27.600000,1488105,-1137.021484375000000
27.650000,1492509,-1149.355590820312500
27.700000,1496900,-1166.657836914062500
27.750000,1501278,-1178.298217773437500
27.800000,1505643,-1194.294677734375000
27.850000,1509995,-1205.220336914062500
27.900000,1514334,-1219.968383789062500
27.950000,1518659,-1232.240966796875000
28.000000,1522971,-1246.678833007812500
28.050000,1527269,-1259.735229492187500
28.100000,1531553,-1272.971191406250000
28.150000,1535823,-1286.386474609375000
28.200000,1540079,-1299.086425781250000
28.250000,1544321,-1311.425170898437500
28.300000,1548549,-1322.665405273437500
28.350000,1552762,-1336.654785156250000
28.400000,1556961,-1347.984375000000000
28.450000,1561144,-1360.817993164062500
28.500000,1565313,-1371.775512695312500
28.550000,1569467,-1386.441772460937500
28.600000,1573606,-1396.994018554687500
28.650000,1577730,-1410.706054687500000
28.700000,1581838,-1420.398315429687500
28.750000,1585931,-1434.424438476562500
28.800000,1590008,-1443.903320312500000
28.850000,1594070,-1456.741210937500000
28.900000,1598115,-1467.892089843750000
28.950000,1602145,-1481.685180664062500
29.000000,1606158,-1491.180053710937500
29.050000,1610155,-1504.308105468750000
29.100000,1614136,-1513.521118164062500
29.150000,1618100,-1527.676025390625000
29.200000,1622048,-1539.195190429687500
29.250000,1625979,-1550.128906250000000
29.300000,1629893,-1562.080566406250000
29.350000,1633790,-1573.112426757812500
29.400000,1637670,-1585.192260742187500
29.450000,1641532,-1596.973022460937500
29.500000,1645377,-1609.483764648437500
29.550000,1649205,-1620.141357421875000
29.600000,1653015,-1634.223144531250000
29.650000,1656807,-1644.341430664062500
29.700000,1660581,-1659.782592773437500
29.750000,1664337,-1669.830322265625000
29.800000,1668075,-1684.411499023437500
29.850000,1671795,-1694.979492187500000
29.900000,1675496,-1710.130249023437500
29.950000,1679179,-1721.306274414062500
30.000000,1682843,-1735.669433593750000
30.050000,1686488,-1749.704589843750000
30.100000,1690114,-1761.567504882812500
30.150000,1693722,-1776.623291015625000
30.200000,1697310,-1790.119506835937500
30.250000,1700878,-1805.626831054687500
30.300000,1704427,-1817.738281250000000
30.350000,1707957,-1832.505004882812500
30.400000,1711467,-1846.758544921875000
30.450000,1714957,-1861.603515625000000
30.500000,1718427,-1877.319580078125000
30.550000,1721877,-1889.213012695312500
30.600000,1725307,-1905.924804687500000
30.650000,1728716,-1919.113647460937500
30.700000,1732105,-1935.304809570312500
30.750000,1735473,-1950.431762695312500
30.800000,1738821,-1963.893798828125000
30.850000,1742148,-1982.454345703125000
30.900000,1745455,-1993.685546875000000
30.950000,1748740,-2009.278930664062500
31.000000,1752005,-2026.276733398437500
31.050000,1755249,-2041.004028320312500
31.100000,1758472,-2057.826416015625000
31.150000,1761674,-2069.717529296875000
31.200000,1764855,-2085.235107421875000
31.250000,1768015,-2099.818115234375000
31.300000,1771154,-2111.353515625000000
31.350000,1774272,-2126.685302734375000
31.400000,1777369,-2137.899902343750000
31.450000,1780445,-2150.802490234375000
31.500000,1783501,-2165.833740234375000
31.550000,1786535,-2174.512695312500000
31.600000,1789549,-2186.311035156250000
31.650000,1792541,-2200.002929687500000
31.700000,1795513,-2209.167724609375000
31.750000,1798464,-2221.052734375000000
31.800000,1801393,-2231.785156250000000
31.850000,1804302,-2240.236816406250000
31.900000,1807191,-2252.029296875000000
31.950000,1810058,-2259.521240234375000
32.000000,1812904,-2268.466308593750000
32.050000,1815730,-2279.794189453125000
32.100000,1818534,-2286.054931640625000
32.150000,1821318,-2293.511474609375000
32.200000,1824081,-2303.446777343750000
32.250000,1826823,-2307.394531250000000
32.300000,1829544,-2314.928222656250000
32.350000,1832245,-2323.552734375000000
32.400000,1834925,-2327.750732421875000
32.450000,1837583,-2333.514160156250000
32.500000,1840221,-2341.739257812500000
32.550000,1842838,-2344.900634765625000
32.600000,1845435,-2349.305419921875000
32.650000,1848010,-2354.854736328125000
32.700000,1850565,-2358.836914062500000
32.750000,1853099,-2361.137939453125000
32.800000,1855612,-2364.690917968750000
32.850000,1858105,-2370.085693359375000
32.900000,1860577,-2369.704345703125000
32.950000,1863028,-2372.344726562500000
33.000000,1865459,-2374.863769531250000
33.050000,1867869,-2374.056152343750000
33.100000,1870258,-2374.946289062500000
33.150000,1872627,-2373.920654296875000
33.200000,1874975,-2373.982421875000000
33.250000,1877303,-2370.463867187500000
33.300000,1879611,-2368.552490234375000
33.350000,1881898,-2367.643066406250000
33.400000,1884165,-2363.953613281250000
33.450000,1886412,-2358.032470703125000
33.500000,1888639,-2354.018066406250000
33.550000,1890845,-2350.056640625000000
33.600000,1893032,-2342.973144531250000
33.650000,1895198,-2334.164794921875000
33.700000,1897345,-2328.266601562500000
33.750000,1899471,-2322.118164062500000
33.800000,1901578,-2311.685058593750000
33.850000,1903665,-2301.968505859375000
33.900000,1905732,-2294.251464843750000
33.950000,1907779,-2284.800537109375000
34.000000,1909807,-2274.423828125000000
34.050000,1911815,-2261.069580078125000
34.100000,1913804,-2250.040527343750000
34.150000,1915773,-2239.767089843750000
34.200000,1917722,-2228.161865234375000
34.250000,1919652,-2212.672851562500000
34.300000,1921563,-2200.547363281250000
34.350000,1923455,-2188.681884765625000
34.400000,1925327,-2177.535644531250000
34.450000,1927180,-2163.109863281250000
34.500000,1929014,-2145.040527343750000
34.550000,1930829,-2130.251953125000000
34.600000,1932625,-2117.969482421875000
34.650000,1934402,-2103.774658203125000
34.700000,1936161,-2087.323974609375000
34.750000,1937900,-2068.372802734375000
34.800000,1939621,-2053.586669921875000
34.850000,1941324,-2038.223876953125000
34.900000,1943008,-2022.825561523437500
34.950000,1944674,-2005.416015625000000
35.000000,1946322,-1985.615478515625000
35.050000,1947951,-1966.941528320312500
35.100000,1949563,-1951.036865234375000
35.150000,1951156,-1933.868530273437500
35.200000,1952732,-1916.949707031250000
35.250000,1954290,-1895.945068359375000
35.300000,1955830,-1874.770507812500000
35.350000,1957353,-1855.909423828125000
35.400000,1958858,-1838.440063476562500
35.450000,1960346,-1818.875732421875000
35.500000,1961816,-1800.688964843750000
35.550000,1963270,-1778.803344726562500
35.600000,1964706,-1756.126464843750000
35.650000,1966125,-1735.349853515625000
35.700000,1967528,-1716.962158203125000
35.750000,1968913,-1698.502075195312500
35.800000,1970282,-1678.958862304687500
35.850000,1971635,-1658.115234375000000
35.900000,1972970,-1635.697509765625000
35.950000,1974290,-1612.990112304687500
36.000000,1975593,-1592.478149414062500
36.050000,1976879,-1573.592651367187500
36.100000,1978150,-1555.269897460937500
36.150000,1979405,-1535.701904296875000
36.200000,1980643,-1514.968750000000000
36.250000,1981866,-1493.052978515625000
36.300000,1983073,-1469.733642578125000
36.350000,1984264,-1449.360351562500000
36.400000,1985440,-1429.424804687500000
36.450000,1986600,-1411.054565429687500
36.500000,1987745,-1392.293701171875000
36.550000,1988875,-1373.513061523437500
36.600000,1989990,-1352.867553710937500
36.650000,1991089,-1331.989624023437500
36.700000,1992174,-1308.849365234375000
36.750000,1993243,-1288.046508789062500
36.800000,1994298,-1269.954467773437500
36.850000,1995339,-1251.481689453125000
36.900000,1996365,-1233.609863281250000
36.950000,1997376,-1215.018554687500000
37.000000,1998373,-1197.196289062500000
37.050000,1999356,-1178.088500976562500
37.100000,2000325,-1158.169799804687500
37.150000,2001280,-1137.646728515625000
37.200000,2002221,-1116.171875000000000
37.250000,2003148,-1096.583007812500000
37.300000,2004062,-1078.893066406250000
37.350000,2004962,-1061.461425781250000
37.400000,2005849,-1045.472656250000000
37.450000,2006722,-1028.720458984375000
37.500000,2007582,-1011.925109863281250
37.550000,2008430,-994.722961425781250
37.600000,2009264,-978.134460449218750
37.650000,2010085,-959.873107910156250
37.700000,2010893,-940.891479492187500
37.750000,2011689,-921.937805175781250
37.800000,2012473,-903.707275390625000
37.850000,2013244,-887.759399414062500
37.900000,2014002,-873.697204589843750
37.950000,2014748,-860.056457519531250
38.000000,2015483,-845.250000000000000
38.050000,2016205,-830.934020996093750
38.100000,2016915,-815.499084472656250
38.150000,2017614,-800.916503906250000
38.200000,2018301,-786.762451171875000
38.250000,2018976,-773.758422851562500
38.300000,2019640,-759.478698730468750
38.350000,2020293,-744.291687011718750
38.400000,2020934,-728.928405761718750
38.450000,2021564,-713.536010742187500
38.500000,2022183,-698.160034179687500
38.550000,2022792,-683.174987792968750
38.600000,2023389,-670.640136718750000
38.650000,2023976,-659.661499023437500
38.700000,2024552,-648.851135253906250
38.750000,2025118,-638.537902832031250
38.800000,2025673,-627.354003906250000
38.850000,2026219,-616.710021972656250
38.900000,2026754,-605.676513671875000
38.950000,2027279,-593.910583496093750
39.000000,2027794,-582.349243164062500
39.050000,2028299,-571.709228515625000
39.100000,2028795,-561.052673339843750
39.150000,2029281,-551.105712890625000
39.200000,2029757,-541.461975097656250
39.250000,2030224,-530.448364257812500
39.300000,2030682,-519.633666992187500
39.350000,2031131,-508.493835449218750
39.400000,2031571,-497.387268066406250
39.450000,2032001,-486.933532714843750
39.500000,2032423,-475.630157470703125
39.550000,2032837,-465.512786865234375
39.600000,2033241,-455.228820800781250
39.650000,2033637,-446.088317871093750
39.700000,2034025,-438.309234619140625
39.750000,2034405,-430.785156250000000
39.800000,2034776,-423.161987304687500
39.850000,2035139,-413.319183349609375
39.900000,2035494,-405.184051513671875
39.950000,2035842,-397.255554199218750
40.000000,2036181,-389.695709228515625
40.050000,2036514,-381.741851806640625
40.100000,2036838,-373.937011718750000
40.150000,2037155,-365.742980957031250
40.200000,2037465,-357.087097167968750
40.250000,2037768,-348.000213623046875
40.300000,2038064,-339.017181396484375
40.350000,2038352,-329.876281738281250
40.400000,2038634,-320.828430175781250
40.450000,2038909,-312.492706298828125
40.500000,2039178,-303.896392822265625
40.550000,2039439,-295.853851318359375
40.600000,2039695,-288.249145507812500
40.650000,2039944,-281.150848388671875
40.700000,2040187,-273.412200927734375
40.750000,2040424,-265.704345703125000
40.800000,2040655,-258.661926269531250
40.850000,2040880,-251.417755126953125
40.900000,2041099,-243.709259033203125
40.950000,2041313,-235.889312744140625
41.000000,2041521,-227.670913696289063
41.050000,2041724,-220.334518432617188
41.100000,2041921,-212.787796020507813
41.150000,2042113,-204.621017456054688
41.200000,2042300,-196.248306274414063
41.250000,2042482,-187.798706054687500
41.300000,2042659,-179.774856567382813
41.350000,2042831,-171.765579223632813
41.400000,2042999,-164.016632080078125
41.450000,2043162,-155.662734985351563
41.500000,2043321,-148.768020629882813
41.550000,2043475,-140.958450317382813
41.600000,2043625,-133.419876098632813
41.650000,2043771,-125.961044311523438
41.700000,2043913,-119.435798645019531
41.750000,2044051,-112.982795715332031
41.800000,2044186,-106.222793579101563
41.850000,2044316,-99.662765502929688
41.900000,2044443,-93.223007202148438
41.950000,2044567,-86.412269592285156
42.000000,2044687,-79.651618957519531
42.050000,2044804,-72.005485534667969
42.100000,2044917,-64.811462402343750
42.150000,2045028,-57.288791656494141
42.200000,2045135,-49.412860870361328
42.250000,2045239,-42.033954620361328
42.300000,2045341,-35.267833709716797
42.350000,2045439,-28.260549545288086
42.400000,2045535,-21.061296463012695
42.450000,2045628,-13.792255401611328
42.500000,2045719,-6.396533012390137
42.550000,2045806,0.510544180870056
42.600000,2045891,7.474876880645752
42.650000,2045974,13.686279296875000
42.700000,2046054,19.912485122680664
42.750000,2046131,25.945369720458984
42.800000,2046206,31.841146469116211
42.850000,2046279,37.629981994628906
42.900000,2046349,43.277942657470703
42.950000,2046417,49.364109039306641
43.000000,2046483,55.516159057617188
43.050000,2046547,61.141304016113281
43.100000,2046608,67.007110595703125
43.150000,2046668,72.519790649414063
43.200000,2046725,77.854446411132813
43.250000,2046780,82.717254638671875
43.300000,2046834,88.085144042968750
43.350000,2046885,93.553962707519531
43.400000,2046935,98.692237854003906
43.450000,2046983,103.298629760742188
43.500000,2047029,107.877021789550781
43.550000,2047073,112.586486816406250
43.600000,2047116,117.057304382324219
43.650000,2047157,121.596900939941406
43.700000,2047197,125.899787902832031
43.750000,2047235,130.768203735351563
43.800000,2047271,134.959945678710938
43.850000,2047307,139.281021118164063
43.900000,2047340,142.756088256835938
43.950000,2047373,146.899459838867188
44.000000,2047404,150.929092407226563
44.050000,2047434,154.737304687500000
44.100000,2047463,158.287414550781250
44.150000,2047490,161.529891967773438
44.200000,2047517,165.118637084960938
44.250000,2047542,168.076904296875000
44.300000,2047566,171.718048095703125
44.350000,2047589,174.884170532226563
44.400000,2047611,177.755294799804688
44.450000,2047633,181.417953491210938
44.500000,2047653,184.032623291015625
44.550000,2047672,186.702621459960938
44.600000,2047691,189.303237915039063
44.650000,2047708,191.648361206054688
44.700000,2047725,193.875030517578125
44.750000,2047741,195.920913696289063
44.800000,2047756,197.323577880859375
44.850000,2047771,199.034240722656250
44.900000,2047784,200.179580688476563
44.950000,2047797,201.214385986328125
45.000000,2047810,201.756195068359375
45.050000,2047821,202.557647705078125
45.100000,2047832,203.020065307617188
45.150000,2047843,203.429855346679688
45.200000,2047853,204.262176513671875
45.250000,2047862,204.658676147460938
45.300000,2047871,204.466003417968750
45.350000,2047879,204.552780151367188
45.400000,2047887,204.273376464843750
45.450000,2047895,203.929306030273438
45.500000,2047902,203.531890869140625
45.550000,2047908,203.094818115234375
45.600000,2047915,202.272094726562500
45.650000,2047921,201.295349121093750
45.700000,2047926,199.803771972656250
45.750000,2047932,199.304840087890625
45.800000,2047937,198.033447265625000
45.850000,2047941,196.538299560546875
45.900000,2047946,195.120956420898438
45.950000,2047950,194.154678344726563
46.000000,2047954,192.832473754882813
46.050000,2047958,190.921493530273438
46.100000,2047962,189.831756591796875
46.150000,2047965,187.901367187500000
46.200000,2047968,185.773040771484375
46.250000,2047971,183.621109008789063
46.300000,2047974,181.501419067382813
46.350000,2047976,179.345275878906250
46.400000,2047979,176.805358886718750
46.450000,2047981,174.116287231445313
46.500000,2047983,170.986602783203125
46.550000,2047985,168.310913085937500
46.600000,2047987,165.336227416992188
46.650000,2047988,161.798568725585938
46.700000,2047990,158.303833007812500
46.750000,2047991,154.843902587890625
46.800000,2047992,151.035018920898438
46.850000,2047993,147.246444702148438
46.900000,2047994,143.570007324218750
46.950000,2047995,140.007705688476563
47.000000,2047996,136.053649902343750
47.050000,2047997,132.066940307617188
47.100000,2047997,128.075805664062500
47.150000,2047998,124.236030578613281
47.200000,2047998,119.914657592773438
47.250000,2047998,116.027191162109375
47.300000,2047999,111.881446838378906
47.350000,2047999,107.619728088378906
47.400000,2047999,103.868522644042969
47.450000,2047999,100.248001098632813
47.500000,2047999,96.145225524902344
47.550000,2047999,92.377716064453125
47.600000,2047999,87.720550537109375
47.650000,2047999,83.826423645019531
47.700000,2047999,79.661430358886719
47.750000,2047999,75.907875061035156
47.800000,2047999,72.226776123046875
47.850000,2047999,68.506431579589844
47.900000,2047999,65.183837890625000
47.950000,2047999,61.858230590820313
48.000000,2047999,58.407344818115234
48.050000,2047999,54.804763793945313
48.100000,2047999,51.537376403808594
48.150000,2047999,48.234703063964844
48.200000,2048000,45.336235046386719
48.250000,2048000,41.812862396240234
48.300000,2048000,38.968448638916016
48.350000,2048000,35.657382965087891
48.400000,2048000,32.555404663085938
48.450000,2048000,29.830013275146484
48.500000,2048000,26.541458129882813
48.550000,2048000,23.903785705566406
48.600000,2048000,20.770128250122070
48.650000,2048000,18.294391632080078
48.700000,2048000,15.780056953430176
48.750000,2048000,13.505556106567383
48.800000,2048000,11.515474319458008
48.850000,2048000,9.315328598022461
48.900000,2048000,7.260909557342529
48.950000,2048000,5.442848682403564
49.000000,2048000,3.867180109024048
49.050000,2048000,2.035257339477539
49.100000,2048000,0.785418391227722
49.150000,2048000,-0.649412035942078
49.200000,2048000,-1.986377596855164
49.250000,2048000,-3.149565219879150
49.300000,2048000,-4.124309062957764
49.350000,2048000,-4.920517921447754
49.400000,2048000,-6.502123832702637
49.450000,2048000,-7.145963668823242
49.500000,2048000,-7.870714187622070
49.550000,2048000,-8.475491523742676
49.600000,2048000,-8.918338775634766
49.650000,2048000,-8.722626686096191
49.700000,2048000,-8.769978523254395
49.750000,2048000,-8.810025215148926
49.800000,2048000,-8.764308929443359
49.850000,2048000,-8.130059242248535
49.900000,2048000,-7.297146320343018
49.950000,2048000,-7.345997810363770